"mean" "sd" "0.025quant" "0.5quant" "0.975quant" "mode"
0.133735174241149 0.00431802081907439 0.125318085854138 0.133711553266769 0.142288548014322 0.133668415895396
0.145047398598384 0.00172540387371603 0.141689906804513 0.14503872689299 0.148455484701813 0.145021373099939
0.134520537232279 0.00436611750444635 0.126030912589877 0.134489925850119 0.143188618047055 0.134433342297455
0.141591526594365 0.00539127501269663 0.131116347842511 0.141551788993418 0.152295218644341 0.141476768887606
0.138849152427928 0.0054493984544749 0.128384478102627 0.138763217932011 0.149807273435913 0.138597451465553
0.132452590138184 0.00388847981894874 0.124922925524131 0.132416666229159 0.140184392154678 0.132346043243302
0.134707965389364 0.00398053877351823 0.126984930674036 0.134675627541911 0.142620410648691 0.134614535343924
0.129652834745636 0.00410239888609421 0.121628341848417 0.129643596968106 0.137730257146536 0.129627822560807
0.131480099086089 0.00688853864247115 0.118304931296838 0.131363461389308 0.14531972840888 0.131131356872133
0.144625672392783 0.00555299840584502 0.133993195619537 0.144528771953862 0.1558112779039 0.144340057409103
0.13157104363455 0.00487731242346159 0.122088377330057 0.131536348425921 0.141255601669867 0.131472134779096
0.122668642929506 0.0051235109712323 0.112675309122751 0.122649167709041 0.132772895675477 0.122613857653382
0.130771021712211 0.00421777651263348 0.122600688261926 0.130733517470688 0.139157353009271 0.130660603705465
0.137409018341895 0.00419747671197433 0.129288918131352 0.137366371978594 0.145773106104877 0.137283493050481
0.137147560162617 0.00504798002552954 0.127335657029835 0.137110979004025 0.147172009513362 0.137043398335933
0.138704737011844 0.00415141329412184 0.130700134788448 0.138655054703166 0.146993937283602 0.138556725669644
0.143267759197408 0.00508347897580666 0.133386914114786 0.143229255608139 0.153371801368749 0.143157871382608
0.132995950635557 0.00416378061610897 0.124861605845052 0.132980837820532 0.14121914221234 0.132954695970226
0.138517782391362 0.00430929230129694 0.13007377452603 0.138509470575726 0.147008704161882 0.138496219653772
0.137762200786244 0.00526363990923843 0.127464200007156 0.137746624835477 0.148154243531324 0.137721500937237
0.128835785353166 0.00414695375439568 0.12076352295078 0.128810836324217 0.137052671204085 0.128765230154766
0.135588907077322 0.00408446391439328 0.127707149428578 0.135541717192808 0.14374114616699 0.135448628309254
0.142044876277606 0.00593667716949975 0.130675814086712 0.141945611207835 0.153980446880295 0.141748887374683
0.132248113424797 0.005166582745699 0.122207554674575 0.132209395994529 0.142513814539033 0.132137698246182
0.132241574177573 0.00463803472225819 0.123152304911179 0.132233398572518 0.14138200470186 0.132222472103793
0.13213515930475 0.00470933606776666 0.122950898865323 0.132113438113041 0.141445285296931 0.132074255251251
0.138023252618406 0.00488445985881682 0.128685540121732 0.137931105697042 0.147885392623898 0.137752824780463
0.127341631487705 0.00444161637945706 0.118625658382438 0.127341338084682 0.136064278838336 0.127345199804177
0.143547595580491 0.00556561263115577 0.132878265595897 0.143456573225243 0.154733186947931 0.143277267827344
0.13335302967221 0.0043386167888874 0.124855844534472 0.133343884975561 0.141904490286047 0.133330083127596
0.137331395487522 0.00554319743843548 0.126555426169397 0.137290864824439 0.148345278269041 0.137216490255401
0.137455627800443 0.00479943211552334 0.128088193688332 0.137434199690123 0.146950107812024 0.137395354889853
0.145514117077129 0.00467064202387715 0.136583891972554 0.145427844614198 0.154935677583921 0.145258891719158
0.137283987968702 0.00482880758095512 0.12791477202305 0.137243487025264 0.146883620518929 0.137166965690265
0.145185384560456 0.00390453172681562 0.137684221584567 0.14512681020494 0.153021531188184 0.1450115891461
0.133078795226183 0.00384377990985446 0.125516058235146 0.133085481117286 0.140607125207892 0.133101857971082
0.152343883761043 0.00342040186725054 0.145749700716218 0.152303276314976 0.159167799382635 0.152221674810881
0.140172977748138 0.00433440922030449 0.131829024885973 0.140114294491999 0.148855146451617 0.140000031518342
0.139626215209568 0.0048473907575494 0.13022963216762 0.139580748403505 0.149285545768604 0.139494872166002
0.144523713526194 0.00466835669059685 0.135463399459156 0.14448422312937 0.153810764845317 0.14440838764375
0.147203360675652 0.00565615101404737 0.13637741460188 0.147099487057164 0.158623081939201 0.146898061035699
0.140995483981541 0.00461326246897262 0.132090174767938 0.140939876548384 0.150219130582463 0.140832529698789
0.148518338802377 0.00489290362966379 0.13914766206991 0.148432998080727 0.158374412873281 0.14826544990298
0.142925055868872 0.00585635742590341 0.131649231173201 0.14284537511627 0.154658658207545 0.1426908463604
0.131332645476961 0.00825601511130179 0.115409848861908 0.131221783580087 0.147903668850685 0.131021857012534
0.150028362421011 0.00514241102645713 0.140098532490463 0.149969144676507 0.160299637736646 0.149854620724284
0.135651498090902 0.00475140908831386 0.126371475452066 0.135634522481188 0.14503384004567 0.135604757851336
0.135996164946002 0.00741544106749291 0.121536553676116 0.135961207584972 0.150663684048186 0.135902627857473
0.147336760385163 0.00411067324194294 0.139397735040636 0.147290491727519 0.155538183114184 0.147199383555745
0.141635945318276 0.00541309111025459 0.131291145487785 0.141533194927479 0.152569493518073 0.141333579257415
0.14179685182647 0.00429337652733528 0.133502394167793 0.141747579277645 0.150371843739135 0.141651577680012
0.137775397672844 0.0056129467734547 0.126880754281857 0.137727732101314 0.148945678827107 0.137638485813243
0.149682462635777 0.0051397802944173 0.139830180359254 0.14959280917842 0.160045790307296 0.149417840771335
0.132914215676962 0.00524220801763487 0.12272923447406 0.132875986796554 0.143318228349866 0.13280475386682
0.150359758738039 0.00622771968094261 0.13848299441269 0.150232092430532 0.162969290359686 0.149984054758126
0.139805527044546 0.00450413450095129 0.131008734709939 0.139786416358097 0.148714687739094 0.139750751371426
0.141425291832487 0.00489000920123557 0.132020032757734 0.141353864351276 0.151238505964942 0.141215618936427
0.150762789514518 0.00583622704028706 0.139623924726855 0.150644963284264 0.162569743565824 0.150416891379893
0.13458061161568 0.00566392439843111 0.123515806193885 0.134558812736758 0.145777625649555 0.134522972772715
0.14399905487874 0.00444472143881039 0.13536014254859 0.143968075804998 0.152815249471324 0.143908687822736
0.147555955418803 0.00589009887809104 0.136306950095502 0.147442056847241 0.159458623672185 0.147220393896142
0.143980476633299 0.0055426806405892 0.13344006982477 0.143858700655265 0.155213464251835 0.143619833820214
0.142502814183004 0.00665934634863226 0.129775787205667 0.142377496353548 0.155947824377613 0.142134377887858
0.143456299220443 0.00525517772175868 0.13331471089799 0.143391826862922 0.153967660599055 0.143268464538721
0.135164954628899 0.00527945206166417 0.124932371542414 0.1351164891069 0.145680844345485 0.135026608650296
0.139194077489573 0.00428174019977499 0.130911534798637 0.139151042042847 0.147721927403278 0.139066737917999
0.141370133491371 0.00556429991261746 0.130720392777575 0.141268054147566 0.152605709359996 0.141071922219566
0.143072565232511 0.00569434041164188 0.132213848166062 0.142956800246434 0.154591064134026 0.142730615922035
0.144611019813997 0.00486343923230881 0.13517720741447 0.144568304877946 0.154289096835814 0.144485963865601
0.150062424188729 0.00530246065957901 0.139804965724546 0.150004094710963 0.160651834382267 0.149891449228831
0.150294656948459 0.00544939174845238 0.139618678434985 0.150281657234143 0.161049536724108 0.150261998077421
0.149959682488613 0.00570514879229004 0.139000035423011 0.149868461081892 0.161444398305783 0.149695566123709
0.151249776283334 0.00659287613337318 0.138596326693921 0.151139660712611 0.164534508182529 0.150930959848194
0.155569981519555 0.0040368457955006 0.147761880239796 0.15552494760991 0.163635768006951 0.155440639157269
0.152728188478974 0.00566167542525305 0.141680900437117 0.152701646944655 0.163936401098757 0.15265517698652
0.144290883861404 0.00636157533191698 0.131869342709951 0.144263776576778 0.156879517495656 0.144218653431772
0.149874553408357 0.00605563011175555 0.13806127693018 0.149844070422259 0.161867216045369 0.149790605693099
0.150042298581279 0.00715775465862056 0.136363202772579 0.149902671998208 0.164527628801062 0.149637778227182
0.154831541981794 0.00512655549192426 0.144828753678312 0.154807473241857 0.164975333219657 0.154763889781066
0.151276879201876 0.0058235580794666 0.140012798834221 0.151212510075362 0.162909788121185 0.151090999637452
0.154965205954249 0.00749551052637597 0.140577731008546 0.154840413586582 0.170072397244082 0.154605536395577
0.15576532388372 0.00594717412566721 0.144345737927889 0.155668924871266 0.167737125378234 0.155484443458787
0.157762638665452 0.00648901173357006 0.145226059738358 0.15768678100329 0.170737547231699 0.157543012063795
0.15639106177561 0.00887614415727951 0.139332056267898 0.156252754814504 0.174253870552672 0.155994936403427
0.156595126507447 0.00565910899147066 0.145686514594453 0.156522971462048 0.167913940671439 0.156382436737133
0.147618589524151 0.00511587173916412 0.137742302094299 0.147555964885223 0.157857651058095 0.147436782964997
0.145452477903914 0.00542509770932152 0.134969428180999 0.145386213774909 0.156315291318036 0.145262601533717
0.14369576266426 0.00557014673541213 0.13282364295109 0.143671072371022 0.154711549885405 0.143628291065005
0.142484553901046 0.00593287057538476 0.130968933552648 0.142433173206394 0.154295110417616 0.142338791643149
0.145841004108669 0.00455394972282325 0.136868402037053 0.145848210473061 0.154772930513241 0.145864750559411
0.15133039775164 0.00538491625749978 0.141065534111905 0.151219398938896 0.162231233669041 0.151003405234862
0.153485605655394 0.00673727611111665 0.140630744206877 0.153343614462575 0.167154810511271 0.153073911702324
0.145940313043321 0.0047624811342745 0.136736298279836 0.145887962515109 0.155445084716068 0.145786818204685
0.15199541622961 0.00625991281221232 0.139982147067492 0.15189245118225 0.164598303908372 0.151694846212221
0.151639222068344 0.00590246453324482 0.140400129259709 0.151509611630421 0.163618991727703 0.15125906828399
0.15260781151726 0.00507162493560953 0.143017440362948 0.152477830010792 0.162933358930926 0.152219234642284
0.150359851599043 0.0049849128188467 0.140733826973269 0.150302539111982 0.160312720689587 0.150190030837027
0.149695922320028 0.00608578383403758 0.138046490155954 0.149582896062352 0.161992869614133 0.149366044185049
0.14648056140728 0.0062207344005232 0.134399942765614 0.146429384809862 0.158859710474737 0.14633546696599
0.149426936961527 0.00537300535843698 0.13914542917133 0.149328329871179 0.160271337464826 0.149137760993712
0.145736859531544 0.00505543517507593 0.135910921428687 0.145696294195742 0.155799982822346 0.145618940318168
0.150219337655749 0.00604760310786303 0.138654843594207 0.150105237758833 0.16243715412659 0.149884378675797
0.146452528163539 0.00478220345955869 0.137220703111727 0.146394975854422 0.156014165850202 0.146282938543932
0.147670289641295 0.00639493211593641 0.135266196409242 0.147611186776673 0.160418375316708 0.147502591676304
0.146676411549941 0.00538899032165628 0.136271026823325 0.14661136073801 0.157453153551296 0.146485386791943
0.149726030538267 0.00526152932361728 0.139638544384156 0.149637619797995 0.160320734668316 0.14946556576674
0.148178402772311 0.0055728182131229 0.137357887495954 0.148131371978003 0.159266100465209 0.148042467063088
0.147216222643441 0.00511975822887782 0.137319716810113 0.147156936432641 0.157453557412298 0.147043940683691
0.153218823829835 0.00571574018909673 0.142399189546179 0.153069773377413 0.16488622907664 0.152782544467765
0.146426038114123 0.00516168811555599 0.136362317207202 0.14639775653967 0.156656247949161 0.146346082629986
0.144310144969739 0.00531553879073863 0.133955689670898 0.144277583026302 0.15485441773623 0.14421828984231
0.1512894235561 0.00537152852982065 0.141033536805094 0.151184424552788 0.162143091945773 0.150978994610951
0.150187731055654 0.00531600209707397 0.139901474766683 0.150132447629866 0.160790929514862 0.15002556963427
0.148368310888934 0.00491825450225585 0.138875750840938 0.148306551851595 0.158216884518373 0.148190484992081
0.149267219058855 0.00461862745686727 0.140379453744226 0.149202276480097 0.158526189214843 0.149074495380217
0.147434323433871 0.00595066076878948 0.135864900917776 0.147390286488886 0.159261946115479 0.147308641890658
0.149516063499018 0.00618583642786835 0.13761036511012 0.149422376445621 0.161963060936862 0.149247487646364
0.144733813246587 0.00636659843399999 0.132431479367774 0.14465726565765 0.157477426588631 0.144515764542258
0.147049360702839 0.00701411187614407 0.133588999536718 0.146930012860863 0.161196467944226 0.146706673691813
0.148198476976926 0.00568965870902642 0.137247343674158 0.14811453950521 0.159630152944305 0.147955051755248
0.145881717141867 0.00555041709346166 0.135129382677297 0.145822781472898 0.156972515683834 0.145712428674341
0.147122961668239 0.00750101665173868 0.132805992283933 0.146969944226945 0.162322301917584 0.146680763248196
0.146182085075097 0.00564741838023338 0.135259775584709 0.146117918762805 0.157473771673301 0.145996737171279
0.150712650138774 0.00575813213983073 0.139625392926858 0.150632011346387 0.162263985895731 0.150476463696089
0.153155587274001 0.00477856181910836 0.144019581192631 0.153068662431503 0.162787454297157 0.152895546249677
0.151190014821857 0.00554270396719938 0.140670763107634 0.151057900756596 0.16246290576777 0.150799491846765
0.158019732210615 0.00581588112830453 0.147007958819511 0.157870168723493 0.169886260626221 0.157578206770763
0.148880572825932 0.00539933506451201 0.138444332067805 0.148817041313972 0.159681994446684 0.148696589521647
0.157079432605786 0.00579738291255594 0.146095019913976 0.15693439836014 0.168883042701269 0.156649549090409
0.148570251362159 0.00540947786950017 0.138242258167094 0.148463319612853 0.159506638593476 0.148253976123515
0.15896765588709 0.00633067919576269 0.146863913963182 0.158846952593284 0.171758944726371 0.158611107182428
0.153909402978701 0.00513253806015461 0.143997802232385 0.153849336052683 0.164164247123102 0.15373165275612
0.163207776713761 0.00628819529018102 0.151280329602539 0.163053689885023 0.176009583093901 0.162751227612392
0.146733537203105 0.00472677360833784 0.137577906564427 0.146684738814989 0.156169089793939 0.146591573867174
0.146801012983767 0.0049661656768232 0.137150275847737 0.146765799645062 0.156657165426765 0.146698522814808
0.158880885370489 0.00655257960376998 0.146323728124298 0.158766924736804 0.172087894682933 0.158545775573997
0.15420031154823 0.00580004948734386 0.143092212313149 0.154096430380794 0.165898465826522 0.153893438531574
0.151323853999958 0.00574920346815907 0.140313715058968 0.151219519039701 0.162930162007192 0.15101906096107
0.140316880224564 0.0052476980073432 0.130139975466142 0.140269255298803 0.150767395138024 0.140179096915981
0.154939274727391 0.00566904736381077 0.143980144701068 0.154871636438198 0.166278558626413 0.154739556668444
0.144675010147945 0.00511158150261251 0.1346949499668 0.14465406040384 0.154780604235964 0.144617136619141
0.158911289086357 0.00541538334673042 0.148463299116955 0.158840982216416 0.169756506448414 0.158702288181535
0.15578092117696 0.00315957656518992 0.149643596263126 0.155759761370792 0.162037326839283 0.155717460378576
0.156174490429948 0.00534131320029412 0.146058349212628 0.156041000819269 0.167044813534466 0.155776961571696
0.152165788568225 0.00575081034525854 0.141146184362249 0.152065780685757 0.163751934028129 0.151871058024642
0.149102648823768 0.00503236221073912 0.139314694257781 0.149066771664177 0.159094628678646 0.148997884588013
0.144466965402502 0.00486091184823642 0.134946662410529 0.14445474730562 0.154059851077975 0.144434882432046
0.158319098467862 0.00483875577596444 0.149055368165149 0.158236174601272 0.168054924897517 0.158070877267615
0.148319252051954 0.00548007864230798 0.137887173434564 0.148201370180635 0.15942018092293 0.14797003329578
0.158813306705603 0.00639328273883995 0.146557460045606 0.158703373590964 0.171696568709678 0.158488749066931
0.158359101622749 0.00687644901289949 0.145235497442624 0.158218833122789 0.172281722380074 0.15794548191906
0.155127812999735 0.00513235070709775 0.145419092016704 0.154996098964492 0.165581434111584 0.154734533361032
0.158158089379513 0.0059015546494391 0.146951684077336 0.158018457672694 0.170158979530681 0.157744125513085
0.158388310542971 0.00641802571445831 0.146194793286855 0.158236889546892 0.171443668091845 0.157941548388569
0.158190793896123 0.00650848956145423 0.145769915035727 0.158055024565468 0.171385994556504 0.157793925464349
0.151199677171858 0.00543106486607391 0.140768491082066 0.151111815361709 0.162137496202585 0.150943673761674
0.15479170112512 0.00748349872663169 0.140668507440704 0.154580491177951 0.170126402259752 0.15417743616624
0.154070149718694 0.00651832150752887 0.141567298133127 0.15395663583649 0.167225864266356 0.15374102341022
0.156633848848851 0.0072305135256684 0.142830480878098 0.156485901689746 0.17128544569937 0.156204917163834
0.153688615628522 0.00619717826065064 0.141745410179948 0.153600574896101 0.166134647912375 0.153434637571844
0.151866588805922 0.00589522468340943 0.140464895930796 0.151796041979771 0.163673315443741 0.151662239674732
0.156715241732141 0.00643117473473538 0.144338519077924 0.156616631559347 0.169657870948157 0.15642979638978
0.153041553816816 0.0069271777282409 0.139820407109535 0.152897362103736 0.167090960868436 0.152624134493792
0.157959600589475 0.00663381131627468 0.145284596938147 0.157826926995128 0.171388983044945 0.157571838074222
0.148374115167199 0.00676405040373933 0.135447295501181 0.148241478618138 0.162067187774225 0.147990793217064
0.15920703760336 0.00733802089548168 0.145238943826626 0.159041410363213 0.174125091248902 0.158725862015584
0.151386177335534 0.00600996448066338 0.139812226378972 0.15129832113477 0.163459946250956 0.151131287789483
0.157521364225976 0.00722353775625667 0.143655185209691 0.157398649749697 0.172092463331344 0.157166860492017
0.14804216308409 0.00649908286286238 0.13558215669694 0.147928624397027 0.161153838487652 0.147712734003752
0.155003183717593 0.00653651517964122 0.142572533486427 0.154853388147671 0.168293486616243 0.154565958369705
0.154707737164102 0.0068064746907622 0.141577448238364 0.154615975187449 0.168369595283699 0.154443896470723
0.148156253598522 0.00651520291876598 0.135791441745309 0.147997964777958 0.161425943805642 0.147694025519298
0.15229350052421 0.00606479517673919 0.140753141713197 0.152157210069466 0.164612735998533 0.151894114936564
0.158594483693256 0.0069902313915857 0.145264813233132 0.158445066135815 0.172780482771907 0.158160429908841
0.160214792503164 0.00666285860463046 0.147489398380266 0.160078780794192 0.173714251254266 0.159817199199755
0.148540442453321 0.00633271470948269 0.136393132357132 0.148430409281193 0.1613214049328 0.14822227801402
0.161042810256832 0.00651590449057592 0.148630407845348 0.16090154060121 0.174267443681529 0.160628899577874
0.154169767939156 0.00622774482092659 0.142163462284378 0.154083918536816 0.166671050068359 0.153921413497847
0.158347196464358 0.00724369943765771 0.144463251999919 0.15821594262587 0.172984819682762 0.157967157826927
0.15585104779275 0.00750426510115538 0.14164315156238 0.155655640393198 0.171174744402662 0.155282933966821
0.157828355655227 0.00687704026336911 0.144637123403526 0.157708007226127 0.171711388258612 0.157480112528029
0.153109732090954 0.00524191306686984 0.143051729157818 0.153021860067555 0.163668962942469 0.152852118926615
0.140316074336252 0.0066606935710594 0.127425568364756 0.14024970457133 0.153588601946977 0.140123286254572
0.153192975373393 0.00399665038487238 0.145507173299401 0.15313820980839 0.161190625047543 0.153028920442797
0.153952902706472 0.00652990458856432 0.141552332712741 0.153799343065446 0.167229108345567 0.153500902109802
0.149031755670062 0.00575076690021012 0.137854327601386 0.148987685449715 0.160462374889131 0.14890464617487
0.14936336477096 0.00511323691956867 0.139432171142108 0.149324451855873 0.159518769776242 0.149250156034959
0.146718961939357 0.00545392971802119 0.136047086797808 0.146702851824526 0.157486135075307 0.146675725794676
0.153232794832232 0.0056156687922634 0.142433622404792 0.153150369734549 0.164502781813267 0.152989793367359
0.150846172298076 0.00723455374835476 0.136904110521647 0.150745021591991 0.165366053942571 0.150554922622124
0.138491898102592 0.00493675241124729 0.128959105417025 0.138438936430812 0.14832600884885 0.138333407971316
0.148190372458868 0.00550081098214157 0.137505527022793 0.148146555448941 0.159122775470714 0.14806366798206
0.154508340829781 0.00665718303656903 0.141779172188235 0.154381186269797 0.167966142522125 0.154137062551695
0.151248413577095 0.00645267237187606 0.138820036368359 0.151157012448142 0.164203337112243 0.150983713659935
0.151276298824294 0.00566856028594652 0.140376639448191 0.151190457749082 0.16266842470982 0.151026319417459
0.149377688311457 0.00651316972354283 0.136856020753521 0.149276844922388 0.162478217495561 0.149084984314996
0.15104799126747 0.00556259777497105 0.140374925945849 0.150961460065564 0.162214307907918 0.150790856763079
0.157639040231682 0.0108429542669152 0.137399128429726 0.157256323082489 0.180079905649884 0.15653233622379
0.152211492804067 0.00686968862331586 0.139116925229261 0.15207320656955 0.166098390487791 0.151801823136207
0.149214050496975 0.00612595945106339 0.137397644636964 0.14913534365435 0.161480402185358 0.148984207940309
0.152738855712964 0.00574974967009919 0.141672815019505 0.152655545795623 0.164282917060249 0.152494505176832
0.154661702388492 0.00797861845612119 0.13957093143628 0.154453257277187 0.170940586278755 0.154050048256128
0.15402930298606 0.00673126953595426 0.141173533664495 0.153895347504817 0.167651764816919 0.153637800663612
0.151714926978046 0.00760859366216099 0.137212136028284 0.151554566845589 0.16713953924879 0.151247932891133
0.147904189115929 0.00602009900325425 0.136255555364054 0.147840149539737 0.159924325694919 0.147719361661388
0.146818808468695 0.00573369501247255 0.135662573397913 0.146778221825743 0.158212115103612 0.146704921886581
0.147299616402556 0.00634866720893328 0.135023892567309 0.147228608437648 0.159984151657706 0.147094362353731
0.150775618423789 0.00485929491447177 0.141440528648953 0.150700945507882 0.160541044031786 0.150556703159521
0.146904873007064 0.00397309391114474 0.139190374610936 0.14687579622919 0.154784164868481 0.146818747276853
0.144111204031543 0.00673074194209124 0.131083675184667 0.144041642125128 0.157542839817477 0.143911151785553
0.147206408957876 0.00589762630715743 0.135819333308348 0.147132626625246 0.159023686701695 0.146994620445622
0.148116657503882 0.00598729941820557 0.136582043753915 0.14803714965807 0.160107681613026 0.147882979096512
0.151285793144268 0.00490721615288027 0.141873367627657 0.151206409085213 0.161146952411236 0.151050420049918
0.150063321678934 0.00551439769116181 0.139434353763172 0.149993208327102 0.161094873782122 0.149856479666129
0.148350005799765 0.00535323507806872 0.137998089606964 0.148291577722056 0.159037470787163 0.148179515672802
0.152416307344834 0.00636005832027143 0.14013870714664 0.15233448579687 0.16516612299489 0.1521835741214
0.156859520527349 0.00708674704770693 0.143379331498954 0.156705213142593 0.17121253136178 0.156401432301507
0.150773360473303 0.00621766546539894 0.138733132865502 0.150709806596127 0.163176449594067 0.150588765956944
0.152920450922748 0.00564167847943884 0.142023054212889 0.152851746201508 0.164212642070446 0.152721094542488
0.141082747713783 0.00579800092425229 0.129925837279767 0.141000159543412 0.152709445615645 0.140840656658977
0.150804779573517 0.0048478439651807 0.141490364466992 0.150736447520662 0.160507358553153 0.150599623251219
0.151072834594786 0.00602158554806797 0.139438232674532 0.151002677878936 0.163112413810638 0.150868240531911
0.1429479106124 0.0061692370744394 0.131132084346625 0.142840046758202 0.155382159804351 0.142631200850302
0.151692225037151 0.00617636368843557 0.13981156038776 0.151599190430791 0.164106811763881 0.151421461193868
0.148518973440421 0.0061701863131472 0.136672229291244 0.148419502712269 0.160936159430777 0.148230192294169
0.143660675579489 0.00528763580560283 0.133285831811051 0.143657407007256 0.154057144963327 0.14365587889892
0.153538526707095 0.00596179050100371 0.142285038724623 0.153374769485813 0.165728153830189 0.153058922678663
0.152201934114874 0.0058169076074268 0.141039662466796 0.15210415947789 0.163925130970209 0.151917403158625
0.151628191160549 0.00626024216982768 0.139719208975986 0.151487516652378 0.164340415810341 0.151215397351515
0.154034575831482 0.00445174813824167 0.145490129058155 0.153966957804305 0.162963640456014 0.153832903004986
0.153719421308815 0.00608002052420504 0.142181950862331 0.153574448400241 0.166087093614155 0.153293555545518
0.154250154335324 0.00643708477313682 0.142032090261839 0.154094688487453 0.167353131509108 0.153795902771706
0.148622615279336 0.00591967577058379 0.13718198543196 0.148553682120034 0.160463943312375 0.148424218822304
0.151576326889996 0.00602884195519013 0.140003065369988 0.151477365597017 0.163722739716312 0.151289090649239
0.149902614323065 0.00683000616571329 0.136759020473685 0.149802373729328 0.163629149669603 0.149613398250836
0.150005592940706 0.00673355014340201 0.137032710520594 0.149910310562332 0.163530717131431 0.149731102491436
0.150203613184122 0.00512801305911266 0.140353383915677 0.150122626343281 0.160518639091421 0.149966417269803
0.156050284293873 0.00642938049465928 0.143850573464022 0.155895317736424 0.169136042181359 0.155596030943012
0.151399673656529 0.00548797462381225 0.140808104638014 0.151329660868504 0.162393952485773 0.151196226360769
0.145783416853409 0.00581622059552246 0.13442935922682 0.145753774498538 0.157312552058834 0.145701862993869
0.151263146690339 0.00692083612010462 0.137926943139618 0.151169515592308 0.16513813259597 0.15099195552385
0.138453437145575 0.00869457276119216 0.121833442936879 0.138292682382288 0.155995812240354 0.137983328530654
0.13433818928008 0.00715844367416431 0.120628660744578 0.134216995609435 0.148739715678806 0.133980789969421
0.138183872440922 0.00671061748668704 0.125288676376028 0.138082696575978 0.151663880580278 0.137889260296114
0.142647071374791 0.00666444102673143 0.129711201662773 0.142594119722213 0.155891881958301 0.142495022407517
0.150614432784414 0.00375501626104112 0.143344888028894 0.150579337286687 0.158084950219223 0.150509673282194
0.153076329423416 0.00570796093447374 0.142100668657665 0.152991667272002 0.164536660814957 0.152826698851191
0.149453020845033 0.00506077471018357 0.139671725972717 0.149396119092539 0.159559221412769 0.149285809659871
0.152982995031191 0.00566702164920739 0.142163748053558 0.152871159637041 0.164438779804354 0.152651727735772
0.151559179686876 0.00522681663285069 0.141458719876538 0.151497248689036 0.162011362711816 0.151377367517049
0.152047530589137 0.00528233625755167 0.141925097181064 0.151957504140028 0.162686687784575 0.151781517693653
0.150645667217598 0.00472645069101126 0.1415270963463 0.150586755862776 0.160099711221113 0.150471341763413
0.152523987700283 0.00567352915410601 0.141623933423586 0.152434442856865 0.163937529681364 0.152261773365744
0.149901743581252 0.00500189197374467 0.1402796467174 0.149829134849249 0.159937218897359 0.149687668937872
0.156764821392318 0.00578385054524406 0.145876599296133 0.156599765314021 0.168591455236232 0.156271516501037
0.149650982856017 0.00572946923913351 0.138567646756489 0.149589279584367 0.161093005373331 0.149471170922317
0.151463306729105 0.00518667642439978 0.141627022560258 0.15133737766632 0.162017810272748 0.151091246672937
0.147152083010452 0.00422403233223843 0.138910254773793 0.147133380151895 0.155501550729117 0.147097447713504
0.151133523688648 0.00492212892552777 0.141722574006005 0.151041184540444 0.161068374870957 0.150859500855222
0.148775982450161 0.00542559514423593 0.138245532137762 0.148727971473155 0.159580570383688 0.148636306925315
0.149811200400323 0.00577471917035954 0.138713459634501 0.149723948061321 0.161406853790831 0.149553722927726
0.147961527382354 0.00571730357513067 0.136944217825111 0.147881994955823 0.159432838803395 0.14772848975471
0.151527126575835 0.00503555154024712 0.141814761025422 0.151463369064032 0.161606479443094 0.151339218844234
0.148820349192397 0.00575225189940581 0.137634955094265 0.148777642440724 0.160251650210801 0.148697970510573
0.154919622573049 0.00578104011696112 0.143942952961345 0.154784470456165 0.166664920556011 0.154518485416746
0.148431936479972 0.00662911108328486 0.135627253368405 0.14835415539084 0.161678497266759 0.148205278320928
0.154039704973176 0.00614577886206625 0.142356960572336 0.153904073726464 0.166497683520165 0.153636688890531
0.150401255411389 0.0066823733785003 0.137557820066555 0.150297391310596 0.163839899498599 0.150098640074489
0.154198055096714 0.0056039543513105 0.143481354915743 0.154094919080577 0.165500132531485 0.153892196808409
0.15330407581393 0.00711619117086691 0.139787448370701 0.153138375240932 0.167763049756001 0.152817285719161
0.150527501142594 0.006513763845906 0.138021887367022 0.150420833879279 0.163644736809938 0.150216511852987
0.151099667579452 0.0051133705333341 0.14121266681965 0.151042842508528 0.161307959998007 0.150933253725425
0.148553375286785 0.00456383925334399 0.139631826519393 0.148537304362685 0.157572426344473 0.148508223330907
0.145742418906832 0.00557465151570291 0.134886530144907 0.145708154289484 0.156800927996254 0.145645389226532
0.151823130881225 0.00545332952004436 0.141371354076073 0.151731549877624 0.16279672004222 0.151551715147626
0.150896405082318 0.00516585738004166 0.140905459520525 0.150843200487093 0.161193187688908 0.150739314013195
0.150547228471364 0.00536967676262205 0.140170100434275 0.15048320315064 0.161292629313056 0.150361792486784
0.157857811012168 0.00240268484687932 0.15318576641342 0.15784388627329 0.162609151435285 0.157815986463566
0.149502177020501 0.00664027295954395 0.136667356980392 0.149423421454709 0.162790492043734 0.149275054363861
0.155302940730328 0.00557675104417342 0.144648047999315 0.155196054343585 0.166565123056627 0.154985520645202
0.145835638870652 0.00590868506287023 0.134384016365416 0.14577685234867 0.157626237861021 0.145666142681628
0.156329377865775 0.00585572452941836 0.145227752847067 0.156185932921996 0.168245725874073 0.155904143956947
0.153538176143391 0.00524189258294646 0.143478417152367 0.15345583768063 0.164068621521866 0.153293580739343
0.14953908442923 0.00656880185323107 0.136876890646137 0.149449843189328 0.162711366453148 0.149280047937831
0.146883051978489 0.00550751353205664 0.136182399517013 0.146838546055962 0.157841181034405 0.146756110708994
0.153723272455701 0.00582787168208496 0.142570334946206 0.153616992651986 0.165486429957299 0.153411015294284
0.150050190780259 0.00541529336646918 0.139512506554733 0.150012443795227 0.160803705585609 0.149941360221434
0.142760543410279 0.00615771225790317 0.130820416263626 0.142702148033733 0.155040095634932 0.142594274455386
0.148581615258693 0.00631830274986155 0.136351000158241 0.148514365471112 0.16119769640853 0.148386954389415
0.152155494403481 0.00616104024520487 0.140452724870373 0.152008657385936 0.164693350445771 0.151724810821011
0.150831071911261 0.00569679601782371 0.139871158237316 0.150746364459349 0.162273388078647 0.150583778054028
0.150795523713147 0.0059011584942014 0.139373022266766 0.150734313894012 0.162573672069537 0.150618294779335
0.149890874969026 0.00550720991019453 0.139252877777435 0.149822227588172 0.160920858712931 0.149693799786528
0.146666069634028 0.00498433522505795 0.136957966986697 0.146637499808627 0.156540340873321 0.146584182954873
0.150057139405917 0.00626322041680675 0.137998667037944 0.149968658394511 0.162620340956083 0.149799177156769
0.148504644870368 0.00613387359236621 0.136574647768663 0.148459355845418 0.1606966910426 0.148377625055953
0.149771539997442 0.00542492655112184 0.139389898554843 0.149672066446602 0.160722183890539 0.14948089033666
0.147388132037066 0.00605081960764572 0.135634252587097 0.147337729673207 0.159437477089902 0.147245875324178
0.149410723636324 0.00594561113225545 0.137949745257585 0.149328292889368 0.161341628306771 0.149173665730528
0.144043793515645 0.00686983575091438 0.130951270284849 0.143894762457219 0.157991173558622 0.143613147032654
0.149174744578423 0.00662595459401192 0.136390212152832 0.14908774357119 0.162456596629794 0.148923817779969
0.145778879563115 0.00581026523991294 0.134575950799327 0.145699681729509 0.157437115210846 0.145550590768341
0.150879683912026 0.00590964279457143 0.139538834427478 0.150780650845899 0.162790132846593 0.150591971413643
0.142270292042252 0.00415141141388968 0.134195755442943 0.142243774580207 0.150496640285728 0.142192157375597
0.139746475424592 0.00464153574971785 0.130635732046518 0.139743815402934 0.148879947948112 0.139742003297117
0.156506109502187 0.00466270708630559 0.147598426501138 0.156418145365925 0.165911773957425 0.15624327260636
0.150515945193758 0.0062592446472924 0.138571484164787 0.150394072865007 0.163154039111755 0.150153308218085
0.151644560770404 0.00397658169562411 0.143998453283718 0.151589862809934 0.159601766198182 0.151480343193619
0.143486338548883 0.0063349662452844 0.131171698126775 0.143443189301802 0.156052566739866 0.143362059911833
0.146898123790325 0.00476804802071987 0.137672681238137 0.146848439736921 0.156408520109288 0.146751638362975
0.15001831659737 0.00606715501824646 0.138309745802065 0.14993920772498 0.16218532454241 0.149791156762291
0.151269125265558 0.00722561630996988 0.137342155707593 0.151166403136675 0.165790060392478 0.1509755120277
0.152840888769448 0.00845044380215365 0.136715678689517 0.15266382787075 0.169989807313196 0.152331995274668
0.153923055453601 0.00789685804488014 0.138811117116165 0.15377239071613 0.169907611992619 0.153490502931317
0.152105343464469 0.00714613417089174 0.138332122109563 0.152003741974183 0.166466112514255 0.151814352592779
0.148329363375608 0.00634466107489692 0.136081779609202 0.148247668016404 0.161051887484337 0.148095238832017
0.149734705889791 0.0072506484701035 0.135905975546555 0.149581909094147 0.164441476480352 0.149293840848747
0.148435857541477 0.00627405505575892 0.136258798724159 0.148378836849583 0.16094791040708 0.148275263885281
0.155580451170475 0.00753345178796378 0.141303098614478 0.155391056193699 0.170946201525424 0.155029379339488
0.156464304784931 0.00623627482125487 0.144581911094046 0.156331021894053 0.169106559451618 0.156072869786635
0.155169304428085 0.00770306403659298 0.14051570364949 0.154992255147016 0.170837885363172 0.154656179304292
0.156225716796178 0.00749229929701215 0.141979796468893 0.156051948691232 0.171468146500679 0.155720803120726
0.15640420525839 0.00851072540069387 0.14022832755629 0.156203573117379 0.173735909408666 0.155825719269311
0.153951978385933 0.00678187073740655 0.14093571934911 0.153836870568002 0.167628847359302 0.153618824402626
0.156202010723703 0.00710430273346851 0.142736467915193 0.156023958651854 0.170683861538113 0.155681168635948
0.150132181667484 0.00658451895698454 0.13749723518944 0.150020280127908 0.163408787273008 0.149807949319153
0.157245858373124 0.00840416011705097 0.141390712318393 0.157007262853076 0.174467734930819 0.156553501069778
0.151580146914698 0.00801671232545543 0.136435157867656 0.151362151128421 0.167977977016136 0.150946469084304
0.15479311220225 0.00713400186641713 0.141156341891747 0.154654386742078 0.169230881207949 0.154390792225821
0.154603409104467 0.00635293686312366 0.142501310725475 0.154465482129445 0.16749855650516 0.154200542217411
0.154695154026574 0.00786286295949591 0.13970984546462 0.154524637194661 0.17065706972907 0.154202892622287
0.151773295240956 0.00649700472355117 0.139205958277416 0.151698129153971 0.164768159274759 0.151557284340496
0.152012791176191 0.00879407471919971 0.135267420263264 0.151816531353908 0.16988965269276 0.151447458077109
0.153722362056044 0.009265938322743 0.136175802658649 0.153482153573846 0.172646194383096 0.153029078543544
0.153176877985235 0.00849080905541943 0.137017474439208 0.152984781793454 0.170441118529238 0.152621683157673
0.153029259945772 0.00890702471367148 0.136071403948432 0.152829121917748 0.171142345276806 0.15245361454384
0.152853800866193 0.00732360216982763 0.138808690395022 0.152726436662784 0.167626762981475 0.152485687743893
0.153035023305255 0.00742504231678955 0.138813369305426 0.152897667567024 0.168048089877452 0.152639263203031
0.153855345049917 0.00629692974404441 0.141780227998001 0.153748540899613 0.166538115982633 0.1535429307445
0.152919196200195 0.00838765623940353 0.136923446454146 0.152740586324846 0.169942534478245 0.152403708811498
0.152832675602148 0.0111239008469776 0.13192228382528 0.152486949035015 0.175735919849968 0.151841368384065
0.149568649805247 0.00696984472989787 0.13616627449986 0.149461787017556 0.163592476839643 0.149260659659461
0.155220598362471 0.00954314716521631 0.137184789489626 0.154961802735198 0.174750298648252 0.154473706499134
0.15452565192934 0.0125368209629257 0.131156390582814 0.154069820376445 0.180516958247502 0.153219880794502
0.153572145799406 0.00917869470608178 0.136210849302655 0.153328223799301 0.172343060413878 0.152868217020138
0.149173676242396 0.00680705554521713 0.136095504807602 0.149063572630599 0.16288130239189 0.148857017672935
0.151174361883862 0.00734377655255963 0.137208845374794 0.151006055786864 0.166098235832013 0.150684361015817
0.155007809178522 0.00588623843707509 0.143787425610839 0.154882524343191 0.166948798298191 0.154641554224793
0.155624992722906 0.00685997815928205 0.142671070181264 0.155436341563877 0.169662418928222 0.155073271909368
0.155560527236709 0.00697137575002753 0.142324945346102 0.15539335501349 0.169753584495281 0.1550718777713
0.151613725523574 0.00601218382044233 0.140075549556024 0.151512207640314 0.163738072484898 0.151320074284406
0.155365035214129 0.00746688788572332 0.14122125709277 0.155173455335248 0.170602762052393 0.154807853420939
0.152239000854778 0.00581941498490504 0.141088050875436 0.152133466596048 0.163994132784839 0.151932565719613
0.151940962112837 0.00639904543090933 0.139660833608636 0.151833299697434 0.164838224762472 0.151627938694532
0.157576838090014 0.00740165251390676 0.143639797343577 0.157358194210221 0.172763447847645 0.1569380213417
0.154462293804133 0.00793299589635771 0.139411767349493 0.154266489075316 0.170636743541286 0.153894121172393
0.153783132181532 0.00795189422080898 0.13861362436956 0.153616888943287 0.169908489906737 0.153301294816278
0.152571968573775 0.00705780958552596 0.139109071576291 0.152424476991291 0.166878658432997 0.152142279868728
0.15209409844145 0.0103673417582609 0.13251796314126 0.15180458330043 0.173333376418512 0.151259777930458
0.154910252828376 0.00944736259993169 0.13701668001183 0.154664850501564 0.174211527235678 0.15420297066114
0.153261342650468 0.00872855712797922 0.136656379071483 0.153061322619619 0.171016481327818 0.152683317354149
0.155117991935592 0.00792654350421138 0.140054828308709 0.154930810082659 0.17125287842861 0.154574968332074
0.156564203256853 0.00784781678234644 0.141591945587259 0.156400832726602 0.17247801508209 0.156091062024674
0.153481175900112 0.0154337519829811 0.124903883654189 0.152855294449279 0.185663880983972 0.151693556838288
0.150717951392581 0.0070731481113395 0.137153042200756 0.150595628878503 0.164982401701444 0.150363171974468
0.154368163723804 0.00801557564586546 0.139088137561466 0.154195801027155 0.170639788096045 0.153869831193222
0.150342984041599 0.00740806283779206 0.136164417534022 0.150204210411971 0.165313478406091 0.14994089886204
0.154727763564507 0.00796029953336769 0.139672312289486 0.154516980135426 0.170994243889426 0.154115196538229
0.152731409375108 0.0101980515179725 0.133425165071066 0.152464908421854 0.173576749720133 0.15196469984483
0.14780209979984 0.00941516167127542 0.129714651610378 0.147647129308538 0.166792243622367 0.147365171412694
0.148911291679018 0.00667706924763 0.135974472737169 0.148842320200088 0.162250596313029 0.148717305334089
0.147531358943427 0.00775601996396946 0.1325891081839 0.147419590262048 0.163126322434212 0.147214907073088
0.147543581942451 0.00727567213553114 0.133481810957858 0.147454381954198 0.162120282880744 0.147291703424188
0.149327014369569 0.00777257737366362 0.134314512979711 0.149227586386783 0.164915779198944 0.149045537728966
0.149090190427886 0.0110036795939533 0.128239549861825 0.148806028998774 0.17158713840626 0.148282461400147
0.145506255838126 0.00662133097216101 0.132607178025781 0.145463125619771 0.158662386216971 0.145387916469685
0.149399510538421 0.0100460160891366 0.130213262677454 0.149192749539712 0.169786000675668 0.148813379028481
0.147399045525312 0.00722029147424578 0.133403526490852 0.147324348511657 0.161830070201375 0.147189236179265
0.15002880759397 0.00686001020448275 0.136752830967096 0.149952250916121 0.163747966272707 0.149811986878331
0.159589133864589 0.00695517111477273 0.146278298931665 0.159458448829516 0.173652043132788 0.15920981028053
0.161869122891536 0.0073563996414462 0.147804263536729 0.161724280719313 0.176762047160414 0.161449229888821
0.157202583285984 0.00709848378172995 0.143543804915888 0.157095697641976 0.171477076793572 0.156894952412977
0.155614128814661 0.00751585045957528 0.141170871054866 0.155496499970611 0.170741952351402 0.155275506377418
0.154744216212867 0.00788647817679451 0.139642214786857 0.154598748567089 0.170683353049286 0.154325270699455
0.162007951218763 0.00833616079919336 0.146021607676574 0.161860014140388 0.178841316991988 0.161582371395082
0.154723483158074 0.00730012258519233 0.140647625817225 0.15462153679069 0.169386461356527 0.154430787827423
0.15903414040779 0.00856075415395417 0.142645994998898 0.158872483427302 0.176352455056154 0.158569984911079
0.161301041192632 0.00774022388630394 0.14647519389884 0.161157909104116 0.176950304744607 0.160887757961607
0.158262538174192 0.00757858989161144 0.143793093210124 0.158107636119057 0.173621127076598 0.15781420767715
0.157595179079509 0.00799325036938412 0.142289967370983 0.157446665523985 0.173756370172846 0.157167402514587
0.164729643795179 0.00759515366428376 0.150264837647651 0.164559520763027 0.180168762633434 0.164235203881119
0.163576480336772 0.00789665941220901 0.148526910049189 0.163405374241674 0.179612012366982 0.16308037362093
0.157426552137782 0.00697582950760253 0.144069791955122 0.157296498787341 0.171530430495903 0.157049348047454
0.15788343046164 0.00730227906709614 0.143888420670768 0.15775252241639 0.172631012402394 0.157504755042913
0.162407284841843 0.00812927860584388 0.146962589034725 0.162212302929458 0.178969748502972 0.161842262269859
0.158116184597914 0.00802024111710642 0.142769163309032 0.157962949320851 0.174346534360369 0.157674563510253
0.158133451579231 0.0074675995662934 0.143867158372943 0.157984440433464 0.173256718699167 0.157700275746306
0.159771481188278 0.00690203650692519 0.146635042052024 0.15961581785293 0.173799944925825 0.159316761019304
0.157313736451748 0.00791662953062217 0.142167898217301 0.157163686239631 0.173320998283716 0.156879968097326
0.161993680027609 0.00734826681251114 0.147977039834365 0.161838207187494 0.176896747841684 0.16154085246115
0.158936863687856 0.00841346631644467 0.142918002456102 0.158751006809689 0.176026316082862 0.15839865203625
0.152932287786753 0.00725850095172162 0.139127543617561 0.15276771305205 0.167674832010617 0.152452283592498
0.155702977264183 0.0074724434616746 0.141385598502246 0.155568298141449 0.170793130656031 0.155313617201113
0.160346595575674 0.00812638544624845 0.144786689146003 0.160197361914555 0.176756521948112 0.159914764801554
0.155218070906803 0.00684998297775487 0.142094759006752 0.155096126594895 0.169044039490115 0.154863579494138
0.153921927364038 0.00778148918536564 0.139068559734644 0.153764084362876 0.16968463582084 0.153464082982041
0.16106211425892 0.00901406286413008 0.144010145843089 0.160821271957013 0.179494531743444 0.160363289797152
0.16138530279927 0.00693218532283702 0.148193320109944 0.161229834244379 0.175470495306046 0.160930843542431
0.163568218564059 0.00598515679678932 0.152154482737375 0.163447611250948 0.175668347425573 0.163211173165311
0.159761930538515 0.00767872007869391 0.145156436114055 0.159585635807401 0.175374923566148 0.159248452731433
0.160452893135326 0.00814092087376048 0.144955181326719 0.160272165783172 0.176988321361882 0.159928070053703
0.159964717930781 0.00725316499146711 0.146121319967736 0.159815539648243 0.174659627111462 0.159529636224299
0.157610455204269 0.00867569835353009 0.141004832703738 0.157450283856461 0.175142891886824 0.157148494752095
0.158308797025108 0.00725751092992603 0.144408322186045 0.158179421511009 0.172954436006578 0.15793315679556
0.157541273043836 0.00682483112956716 0.144411282023551 0.157437753027756 0.171264381531413 0.157241015199713
0.161165509547416 0.00673762086537588 0.148299296856186 0.161027901320746 0.174816522570755 0.160763954169704
0.157022260845816 0.00725100386676747 0.143106959992782 0.15690072863485 0.171631786128849 0.156669599923035
0.158777506352198 0.00785806287013435 0.143821310911794 0.158599848841817 0.174751941192186 0.158261916433917
0.154184045382532 0.00733561404643839 0.140211327360153 0.154022147207727 0.169082371695355 0.153713849542561
0.158658381554132 0.00821205762439572 0.142937485889368 0.158506513654648 0.17524595579639 0.158219631504121
0.150107460472394 0.00855656426009687 0.13375179657475 0.149945983761103 0.167392005717948 0.149639281208383
0.154041394230305 0.00794368154970276 0.138767747523941 0.153919938625603 0.170008499975272 0.153691304395648
0.156210891047424 0.00808561081394196 0.14063468213928 0.156099320477395 0.172431211759641 0.155889473807634
0.151399524704625 0.00974725902683684 0.132913693206937 0.151160995196114 0.171249597489094 0.150707972929496
0.151556220807326 0.00968823903075007 0.133135928866039 0.15133822859868 0.171233653411529 0.150923687827511
0.15893958878141 0.00846793105902795 0.142667661617398 0.15880642346537 0.1759733249294 0.158556102444691
0.148230707986087 0.00783800975322414 0.133047384326793 0.148156010002728 0.163846841809584 0.148016282534442
0.156798541153035 0.00714308078588755 0.143036986381883 0.15670121056735 0.171117412028859 0.156516529538226
0.155877935262744 0.0073302629927885 0.141790025948869 0.155765225250153 0.170612664781583 0.155551035062113
0.14726073115121 0.009811005850387 0.128372964822007 0.147121058786276 0.166960035720368 0.146863780821013
0.15535077591907 0.00864000124703583 0.138835937288635 0.155182868438426 0.172828731081268 0.15486787653294
0.15583522217852 0.00828594352259526 0.139918939905864 0.155703762627345 0.172503843819663 0.155456387978134
0.152590804518432 0.00845533277896545 0.136261128801715 0.15248975502227 0.169507827910631 0.152301451516205
0.151487267618642 0.0082000706975286 0.135773405903659 0.151346094175285 0.168016855173016 0.151079245852704
0.158238910266687 0.00833118177732456 0.14229466735045 0.158083773603314 0.175072707570683 0.157790623019913
0.158493781264088 0.00775363236175776 0.143614875515124 0.158364256135118 0.174118726759746 0.158119097023082
0.146301023627501 0.00966499699473383 0.12766498356079 0.146174555374076 0.165671135842849 0.145941477796604
0.150269308570492 0.00752219928475922 0.135842705170287 0.150143535198679 0.165413599681045 0.149903419412777
0.150015553468208 0.00825980175433707 0.134183031621497 0.149871436482215 0.166679629820617 0.149600476037254
0.154583683151071 0.00786148373819296 0.139497150249014 0.15445467285501 0.17041643543265 0.154210894002832
0.154473432893136 0.00722285870769746 0.140590691726794 0.154361043059201 0.169004287251821 0.154148816360778
0.155473494834147 0.00727500306853622 0.141470174581549 0.155369640483177 0.170076420448268 0.155173164915248
0.156209961190339 0.00757473540559169 0.141646826167386 0.156096293498959 0.171423576813968 0.155880171489665
0.154013035153343 0.00806817719177782 0.138503932425532 0.153890900767303 0.17022765351362 0.153660213771526
0.154136139360448 0.00766926053261635 0.139339108422581 0.154038681428031 0.169494283721214 0.153855348529493
0.154802616887324 0.0082460503407136 0.139006877145114 0.154656245229283 0.171447375913184 0.154380820995699
0.144099498349767 0.00912066074278175 0.12667249293382 0.143920344455839 0.162554463113111 0.14358542844774
0.153136896530519 0.00854177451941007 0.136668398505489 0.153022977177723 0.170257911220025 0.152810934464299
0.158428633892451 0.00892184548407034 0.141275175915343 0.15829147628176 0.176375380914943 0.158035175243777
0.165044092544945 0.0091161313318186 0.147759594038176 0.164813229376357 0.183656966733871 0.164374666581282
0.163194424635863 0.00735100216210969 0.149206508566984 0.163025917554995 0.178146753220381 0.162703705654612
0.163843780980467 0.00745961677613835 0.149657465174358 0.163670059468815 0.179023677107817 0.163337124230459
0.163969739426655 0.00722883072635396 0.150192896938627 0.163811283024514 0.178653143255484 0.163508169629945
0.163426899984023 0.00787481287618665 0.148467140415501 0.163237276319437 0.179471102554159 0.162875390725248
0.167336981403013 0.00747670648768093 0.15310213313744 0.167167833880974 0.182538638950771 0.166843514562794
0.161394983207511 0.00639074781832069 0.149243952508898 0.161246104815827 0.174390683724412 0.160958793736227
0.161141993383165 0.0077516496120338 0.146391432149249 0.160964144089964 0.176912647707102 0.160624941491132
0.166652577420435 0.00765440285076037 0.152138345139339 0.16646097949587 0.182259798807341 0.166093099951885
0.163966521031471 0.00789718434833132 0.148958323151863 0.163777989159808 0.180052856215432 0.163418101910348
0.160343382329767 0.00752756382169799 0.146014321515031 0.160172640113926 0.175650775045151 0.159847451150961
0.15904800045148 0.00662714776370288 0.146405617521952 0.158907313792208 0.172491670568213 0.15863595621662
0.162104192820666 0.00751113010029678 0.1477689885304 0.161948251586043 0.177336511302726 0.161652023716445
0.162971390473151 0.00744222404932783 0.148769765529813 0.162816243781055 0.178064063704629 0.162520341773687
0.163134553808234 0.0063745418699913 0.150939945412061 0.163014812036817 0.176011657724808 0.162781613298197
0.157113400023373 0.00453463879021201 0.14834268747888 0.157065406555387 0.166154045155464 0.156971382262978
0.162667158894744 0.00563774436176756 0.15181897069061 0.162586929781302 0.173971728040879 0.162429012471222
0.16033311086931 0.00442934874757134 0.151724462446613 0.160300930011722 0.169121498637158 0.160237162774494
0.164124044879794 0.00635568821036678 0.152070365848975 0.163968684701285 0.177061910420701 0.163664068875798
0.159041893393768 0.00595408678510918 0.147682691613589 0.158919934084683 0.171093562364072 0.158681622895625
0.158775867894666 0.00359557373865372 0.151770028505811 0.158758639209828 0.165881486373474 0.158724000116321
0.163813730497262 0.00613756939777696 0.152159247208834 0.163670895964101 0.176278740454165 0.163388412075505
0.153176110987819 0.00623364889648909 0.141216864006241 0.153073647339603 0.165721884065146 0.152875102316521
0.157154799023548 0.0054016594188011 0.14671981152982 0.157090545276409 0.167954247547066 0.156965608745622
0.166988313956206 0.00663282313742715 0.154507954784669 0.166792878175325 0.180579086680323 0.166406584687744
0.158567346759353 0.00624795589910667 0.146460423246608 0.158504813341737 0.171032877125464 0.158385431693806
0.168000316679181 0.00514378815563509 0.158293153711775 0.167863019883513 0.17848176708988 0.1675859353733
0.152042011790171 0.0055041228212297 0.141376467716924 0.151989821058089 0.163006455963319 0.151889279103729
0.164482014510961 0.00601039785804795 0.153047745819372 0.164351544804649 0.176655548966315 0.164092471581598
0.162552686549856 0.00658144079146261 0.14996876157514 0.162426932124398 0.17585356601607 0.16218193309484
0.153146021231523 0.0057093348942637 0.142181415492522 0.153054036929249 0.164636267763199 0.152877053278333
0.159128727862252 0.0052837380022182 0.148899572478998 0.159076603827904 0.169656063915124 0.158974559557464
0.154478025156146 0.00608511560695759 0.142805113726939 0.154378493219908 0.166717907094182 0.154185927310953
0.159915197293495 0.00667206067483874 0.147219485372144 0.159772938679223 0.173422120326727 0.159492273943042
0.156355461513451 0.00759609352076598 0.141837519768555 0.156213873366635 0.171688653708107 0.155939109276572
0.146520784641677 0.00517441184739146 0.136476570382169 0.146480295083393 0.156799542590931 0.146402920926205
0.157692772491184 0.00575582669442969 0.146582643196314 0.157624255254525 0.169195164107977 0.157489811672211
0.146027662084266 0.00579528359781152 0.134728807295056 0.146000791824252 0.157488682191987 0.145952428665366
0.148132426877814 0.0060065258676432 0.13648593858228 0.148080120382268 0.160082746044829 0.147980931909986
0.152247258151623 0.0056233222937172 0.141300839731245 0.1522109896411 0.163403767636488 0.152143709540876
0.143956224708981 0.00789066697974384 0.128729301260912 0.143861809089688 0.159727913437336 0.143682495183324
0.150105972188569 0.00536959640794001 0.139583696736567 0.150094876001407 0.160693030079751 0.150077965255648
0.162608288778369 0.0050896489429707 0.152926347233285 0.162496574248904 0.172928098910798 0.162278224071736
0.159225839290193 0.0059642111184214 0.147807697829304 0.159120638341707 0.171249278974407 0.158915966992381
0.168588932539157 0.00732227485744105 0.15472920031748 0.168406584800118 0.183481389275344 0.168043904940413
0.170280138991495 0.00655521925387229 0.158037790131127 0.170059266637406 0.183771796198717 0.169616002936153
0.159905376719604 0.00500249183269451 0.150204616289817 0.159861459987278 0.169854845127085 0.159775140244625
0.168252792366964 0.00666422360018308 0.155704343874732 0.168060423174574 0.181894459212134 0.167679284191075
0.165985613917203 0.00660872170979988 0.153556083596528 0.16578803396833 0.179535633380219 0.165399557111882
0.166710157176477 0.00924260666891325 0.14920414331301 0.166470339517398 0.185592207187444 0.166014403765258
0.160582635355869 0.00625066326430531 0.148536331817765 0.160496812958054 0.173117914040185 0.160330472476327
0.167447065745583 0.00601003284297654 0.156081769919134 0.167288140251287 0.179714679736174 0.166975129065569
0.162915261105285 0.00656865891231204 0.150439302563431 0.162766006211646 0.176240965717613 0.162470684576118
0.157120086602552 0.00584737881040876 0.145848437077079 0.157042271420642 0.168834979883319 0.156890927877796
0.159479808258182 0.00488725596946975 0.150066754424968 0.159412473440758 0.169275070875066 0.159278978376132
0.170679314375528 0.00692667468774926 0.157763058973145 0.170434763229615 0.184979213041074 0.16994941006609
0.17005731088167 0.00628159260586453 0.158172897520735 0.169899426043181 0.182835819877302 0.169583876160796
0.150040244765099 0.00823547975123094 0.134189115215016 0.149920916213214 0.166587264521524 0.149697659598822
0.142631591194447 0.0103791064036994 0.122723576381296 0.142463200072785 0.163515364813266 0.142146872395925
0.14470885864102 0.0111925033893432 0.123320093019835 0.144497117401089 0.167324885462389 0.14410302606399
0.140893957276622 0.0122314448153337 0.117727926629134 0.140588091463152 0.165828662167149 0.140015836119151
0.145266639498285 0.0103483465610703 0.125486243105023 0.145068881280669 0.166184566686345 0.144699861344557
0.139631452922582 0.0118517987400219 0.117098585543973 0.139366515525899 0.163698613449743 0.138872314146599
0.15260362210451 0.00932345645455374 0.134766301941801 0.152428435833008 0.171446266576066 0.152100606148304
0.154640260450283 0.00849429727184154 0.138311096065063 0.154508620475497 0.171724796778716 0.154262565921493
0.1507608929478 0.00993383003351789 0.131775063794578 0.150570481221012 0.170851133231621 0.150214552746595
0.152868780199792 0.00795621449830088 0.137642466778235 0.152721288124049 0.168941813043659 0.152442600223648
0.15324627343344 0.00750678214458893 0.138829943632014 0.153126083067136 0.168356525412014 0.152899040968888
0.154536440157832 0.00883814030943118 0.137566947084102 0.154393610599399 0.172329835546749 0.154125572685557
0.152287460302808 0.00964802826173243 0.133940187684488 0.152067427250125 0.171903483210771 0.151655053510384
0.149751773596969 0.00885928588214284 0.13276989667736 0.149596927809985 0.167619916855314 0.149307665526407
0.153806895841735 0.00698471104653489 0.14036984795511 0.15370170416347 0.167852244896901 0.153503678666988
0.154021292748474 0.00858308115909723 0.137616158185098 0.153853985851271 0.171393523872824 0.153541089162095
0.157150212928767 0.00819276203046298 0.141427030443872 0.157012211280967 0.173671345795818 0.15675417961418
0.1487777622593 0.00721747930334694 0.134860719439877 0.148681251709977 0.163249138361267 0.148500752869087
0.155315623844856 0.00734895033714459 0.141181219395347 0.155205531254144 0.170090427637217 0.154998334223153
0.15398903403139 0.00812985484997462 0.13831491769384 0.153879946450517 0.170298836863646 0.153677144503676
0.153294021657021 0.00809608794456352 0.13776230781587 0.153156300408652 0.169623863214149 0.152898499380144
0.15289449869108 0.00867490638933145 0.13624227954823 0.152750583900638 0.170370020199911 0.152482005517597
0.155823677326052 0.00710433553758784 0.142152793867663 0.155718760402 0.170100985374408 0.155521175153541
0.153193566153099 0.00907948334158361 0.135833423753667 0.15302248444008 0.171537181753602 0.152699747608443
0.148829815100902 0.00967901893726635 0.130412990915113 0.148614649574962 0.168492680248216 0.14821025090364
0.147751825738364 0.00897079998103824 0.130594971307743 0.14758109924256 0.165888909124516 0.147261346221835
0.149105057888145 0.0100955527176828 0.129868450271437 0.148888866882772 0.169582440009289 0.148484249996563
0.153947067257591 0.00950448334596253 0.135705765003066 0.153795192501208 0.173065465065518 0.153510462094539
0.152423596319741 0.008626487833797 0.135856618825441 0.152284672773396 0.169790269769269 0.152024528700679
0.153278128039327 0.00934449988083108 0.135387234343622 0.153109334347931 0.172140258916619 0.152792032353884
0.151722587546229 0.00957217588151628 0.133465647021673 0.151523877627925 0.171127543234652 0.151150788539674
0.150000204582536 0.00847122243935288 0.133744132728486 0.149858595030159 0.167065283088043 0.149593541709207
0.152660603062319 0.0087534894415964 0.135836511017519 0.152524913750112 0.170274753787986 0.152272450655449
0.148275309909511 0.00873301669448525 0.131513405871758 0.148131889708021 0.165871003558235 0.147864832237362
0.154302309573652 0.00889637888358702 0.137247866077044 0.154148895670758 0.172236400583895 0.153860471445025
0.149235911333201 0.00979931772101932 0.130537159006318 0.149036716957514 0.169077781400897 0.148662273373427
0.148848629690267 0.0107214467102716 0.128378297162185 0.148638127302541 0.170533251309562 0.148241977928674
0.145471421247732 0.00934342615371541 0.127637908546667 0.145283622890922 0.164383134528303 0.144930026524585
0.147406534929294 0.0109399574288875 0.126570779289411 0.147171488050815 0.169602414063877 0.146732188760169
0.14325417723717 0.0121611773152693 0.12020013481408 0.142955609504538 0.168022919922213 0.142398011155078
0.146236516279517 0.0111513639968805 0.124948829462012 0.146017337505462 0.168792604081153 0.145606635301532
0.150557186773458 0.00984060911014457 0.131714628207345 0.150384774352218 0.170395974715167 0.150060522734591
0.146436129272107 0.0106656422588095 0.126099245479371 0.146216988348233 0.168032927213779 0.145804887872427
0.146437903591747 0.0100091624908438 0.127250861249124 0.146268487677742 0.166603282085588 0.145950522641882
0.145735137272475 0.0127816066713751 0.121578031896895 0.145392765652181 0.171871616300702 0.1447566970852
0.153755967069372 0.00795171197515848 0.138534387735845 0.153607181744838 0.169835711000477 0.153328136453908
0.151175539307014 0.00878526656649499 0.134318568310575 0.151027504880475 0.168881940959402 0.15075174794591
0.150949998611155 0.00999525289339379 0.131895291145866 0.150737671963487 0.171228962654712 0.150340998665539
0.152922079983624 0.00685563793991266 0.139647077930826 0.15284886524672 0.166621733087975 0.152713254123972
0.152904283728322 0.00763431494420978 0.138293452594298 0.152759984935744 0.168345275149214 0.152488160399135
0.148674902112929 0.010031444634426 0.129580684762835 0.148450606277287 0.169064549184087 0.148031687639907
0.158474569720142 0.00783588755410924 0.143392479745085 0.158356355707518 0.174239644350982 0.158135416908859
0.155573207233413 0.00781269770852965 0.140549420012983 0.155449860588941 0.171308504074268 0.155219501741864
0.153416094821816 0.00798850946763937 0.138041934306149 0.153295806293057 0.169482372789218 0.153072121471859
0.154597643296144 0.00812606371221098 0.139050602193352 0.154442520565005 0.171040708973895 0.154151787623894
0.151634193639403 0.00761738525166839 0.136926591218261 0.151539579542233 0.166892807896975 0.151363599714466
0.155640268733821 0.00717029874534173 0.141823435333888 0.155539534989491 0.170041909362778 0.155351012402017
0.156097724467154 0.00782354203317892 0.141107503590294 0.155956480425991 0.171899165918323 0.155690875647044
0.149382928597495 0.00794376018116891 0.134160638189204 0.149239836618412 0.165428074423967 0.148972327178765
0.144764283692707 0.0107011313557789 0.124495911693218 0.144489745209516 0.166615158807391 0.143977499560624
0.156392189632366 0.00680440066320023 0.14325708969279 0.156303717784847 0.170038126292059 0.156137480637205
0.157862581271097 0.00728695330943866 0.14382624014748 0.157757876855005 0.17250657332902 0.157561992456483
0.155866579418792 0.00631533723869067 0.143631397313358 0.155799076621215 0.16848729659616 0.155672909181115
0.156562690595114 0.00798146851224129 0.141242761088543 0.156427213650161 0.172661030462059 0.156173797377048
0.157234425394511 0.00706966110989361 0.143699427037724 0.157103527615172 0.171524623874969 0.156855821484192
0.157898935746933 0.0072801297541469 0.143843004391172 0.157804380148549 0.172498625989709 0.157628187982688
0.156246216103577 0.00746710923668455 0.141935041407613 0.156112038078978 0.171328700720394 0.155858983775842
0.152267029043281 0.00564468214473732 0.141265622241116 0.152234968162035 0.163458362328903 0.152176271979315
0.159880942520721 0.00761295221275045 0.145246004331055 0.159760672904881 0.175208092208466 0.15953519169866
0.15509447378719 0.00698000414312289 0.141675633956046 0.154984273250919 0.169142524978331 0.154776965880375
0.156127516965061 0.00696475920656194 0.142732587861045 0.156019307679212 0.170140664770653 0.155815681299174
0.154858190140546 0.00731054117388146 0.140903525087287 0.154709000789225 0.169673045247666 0.154426314090392
0.160163948476318 0.0071513122768075 0.146429655806689 0.160044723111025 0.174582672817026 0.15981917630168
0.155511585055664 0.00700917815844529 0.14199971075924 0.155414033168314 0.169589056733164 0.155231369043564
0.156847738716365 0.00846668975723025 0.140577993222745 0.156710191924998 0.173914809936117 0.156453992892461
0.155204058056628 0.00612316004697715 0.143317912056599 0.15514893120363 0.167408986557165 0.155045984633622
0.155863288530784 0.00937618946555706 0.138051373643366 0.155638721396455 0.174967555733281 0.155216057739273
0.152485886840034 0.00921049368893156 0.135030942340048 0.152251374167672 0.171285623239257 0.151808823861235
0.150328655148397 0.00893294419854004 0.133289104930723 0.150139165092308 0.168457510056135 0.149785140145932
0.154138207340415 0.0074581315672848 0.139832677632631 0.154009181524831 0.169181321038698 0.153766169387187
0.152943882285287 0.00843546409314276 0.136870658131048 0.152759427405641 0.170078028990611 0.152411104346026
0.153746743603517 0.00725442258311561 0.139820742754013 0.153626140049677 0.1683659460806 0.153397825157656
0.150797592893437 0.0100424297251073 0.1317679459014 0.150541646320324 0.171309696686888 0.150063057961184
