"mean" "sd" "0.025quant" "0.5quant" "0.975quant" "mode"
0.154305751738077 0.00501538417154882 0.144643093280628 0.154237852417399 0.164355414171089 0.154106834962614
0.166744716191544 0.00196000468604592 0.162930969907508 0.166734579131596 0.170616968919322 0.166714268799417
0.157966291646154 0.00513588234841088 0.148134089048417 0.157875354882176 0.168317810899593 0.157698031572413
0.160422263886525 0.00617327480374066 0.148448487395092 0.160370550205808 0.172697820077738 0.160272260826993
0.15814893793965 0.00626164522241307 0.146108803042603 0.158056491403469 0.170722262982652 0.157878116926608
0.147911913423991 0.00444588632794153 0.139261564823102 0.147885870417474 0.15671162472539 0.147835659116363
0.155944165573929 0.00465977973516513 0.146960937621625 0.155885430692343 0.165265487670249 0.155771671227067
0.148024301497036 0.00471871623344227 0.138815657429609 0.148006615846058 0.157338258329291 0.14797415249518
0.147501729760547 0.0078116115491826 0.132520152680975 0.147382124237913 0.163163454920898 0.147144287857487
0.162329523266731 0.00635748545446672 0.15005452382745 0.16225282705015 0.175044140028607 0.1621054017857
0.150142952174079 0.00563459972135527 0.13921108697817 0.15009607457025 0.161346144607445 0.150008260831269
0.144712400505144 0.00585403689369611 0.133373399198256 0.144661240898935 0.156345745553819 0.144561755837164
0.14240494217666 0.00483134266356707 0.132930028319376 0.142404414568153 0.151889448736898 0.142407252923249
0.151607513639897 0.00475335922339302 0.142320867193846 0.151592892009006 0.160981579472113 0.151567000652156
0.156933028671079 0.00581997320463669 0.145654171484655 0.156878206456506 0.168528859235291 0.156774813322032
0.155474744179027 0.00467738822450926 0.146402065035428 0.155437565235043 0.16476067506793 0.155364753161948
0.164148751237933 0.00588901423054158 0.152776043335658 0.164078171288217 0.175930191467146 0.163943690080132
0.154832237738094 0.00482632908990552 0.145487782472146 0.154785651109239 0.164447228533255 0.154696095650096
0.153627724775021 0.004934558447611 0.143892199984847 0.153643286709041 0.163281208366891 0.153679565888937
0.163105314498659 0.00619068427343486 0.151261098827443 0.162992376958612 0.17559694729965 0.162772769880344
0.152324378357901 0.00492444446933416 0.142886606716192 0.152240817712157 0.162239128488532 0.152077717618587
0.154200180248689 0.00466553319490802 0.14517666556582 0.154152896912681 0.16349320270808 0.154059779842934
0.160328042116568 0.00685431039451971 0.147194376743076 0.160215394916289 0.174103949555654 0.159992661630542
0.151917019720647 0.00604188370653563 0.140193878780419 0.151864721585744 0.163940141417489 0.151766451850151
0.154973563955489 0.00538836464265281 0.144537005734001 0.154919337302548 0.165720770735705 0.154815775721445
0.152450829517099 0.00536491902147836 0.142040116048704 0.152407334121377 0.163110630023596 0.152324811287838
0.151575163303839 0.00552972387911477 0.140805494186311 0.15154128030817 0.162541516028092 0.151479817828216
0.149131888392574 0.0051785260138693 0.139052203831892 0.149101761196551 0.159387532063714 0.149045452834954
0.160444629127074 0.00627326700115937 0.148369233567983 0.160359079268113 0.173008741715285 0.160191508765507
0.151041851432063 0.00504329921280413 0.141105068136442 0.151052103845628 0.160923196183788 0.15107739624839
0.155294687566045 0.00640875666258488 0.14283983849669 0.155245780222568 0.168034496536531 0.155155975302286
0.1532944120994 0.00548660755671001 0.142546093677745 0.153283415744131 0.164110374699714 0.153267127340289
0.163996224878295 0.00530713954409565 0.153818447752248 0.163908121050929 0.174675087633489 0.163735362154941
0.155227257160215 0.00553270367485936 0.144499437898631 0.155178067778718 0.166237464176457 0.155084892931183
0.16311889737623 0.00452629488654328 0.154410463571536 0.163054686009553 0.172191468303347 0.162928580431594
0.152570396735755 0.00441000072423869 0.143929841183498 0.152564582445304 0.161247244584456 0.152555904805682
0.16860914488956 0.00379972253059136 0.161259163038843 0.168572763105083 0.176165698487976 0.168500086639728
0.157653400921926 0.00504736742756586 0.14789808719729 0.157597216167516 0.167727980448236 0.157488749645915
0.157993269374929 0.00559002604523111 0.147183516730851 0.157931742191803 0.169155065051011 0.157814847425635
0.160102023032959 0.00534248647417335 0.149657169560949 0.1600849043137 0.170647312450977 0.160055348419511
0.161601505470784 0.00640303050950914 0.149137288782916 0.161558765691051 0.174315234875862 0.161480967888707
0.156281150125202 0.00523454871608883 0.14609638267419 0.156247546983456 0.166659756326659 0.156185232266181
0.163476337073069 0.00544791798393763 0.152933302999961 0.163421363605693 0.174337476519263 0.163315838495553
0.154320593647553 0.0064884032024704 0.141678874193861 0.154287271102532 0.16716190557177 0.154227395471904
0.153260220163366 0.00966042966356546 0.134824342391686 0.153059383298965 0.172855349252085 0.152686149082549
0.170191876067668 0.00576260960584251 0.159131697069297 0.170101080719132 0.181767047949583 0.169922264276134
0.162072139460191 0.00562396852784799 0.151331169897479 0.161966131034834 0.173421905354876 0.161757670236701
0.151528963893522 0.00817423707520558 0.135593675896673 0.151489211217323 0.167700320394161 0.151421474935629
0.165127216770032 0.00477859063299304 0.155916660829046 0.16506647584562 0.174685397017109 0.164947117663203
0.156762048060061 0.00614300679620035 0.144910548579075 0.156684342876701 0.169057176826526 0.15653617534048
0.157066526463326 0.00486774477916022 0.14759774487544 0.157033849980846 0.166720951377421 0.156971923519542
0.156544192714859 0.00657797426969058 0.143844229763307 0.156464240107554 0.169706200777543 0.156312555768953
0.166851087403856 0.00590455866747364 0.155504655272614 0.166757603041673 0.17873103643421 0.166576462851202
0.14827304033975 0.00611747428886475 0.136279337547191 0.148269253122763 0.160300396506663 0.148269134898251
0.164932173976626 0.00708049329756262 0.151245847998461 0.164849349800548 0.179095663608687 0.16469260705085
0.156093908557857 0.00509644283058637 0.14614195380738 0.156072093032582 0.166174058467988 0.156032841403936
0.158339377515911 0.00553014380556768 0.14764201724985 0.15828059797253 0.16937471483595 0.158167797033797
0.167256325191842 0.00657406613283401 0.15464951886825 0.16714417167173 0.180503088357252 0.166927776049741
0.156622564647448 0.00653871902445156 0.143977381001727 0.156551926224374 0.169679740289417 0.156418859973809
0.162284716467406 0.00509360952846074 0.152442769626812 0.162228691556796 0.172444385226295 0.162119656822705
0.16355542311438 0.00668545315395946 0.150712144872116 0.163451979886115 0.176995220992714 0.16325265542575
0.153933563967093 0.00605997674665646 0.142187827544248 0.15387942172169 0.165992048552562 0.153777158947835
0.155693433146095 0.00748321611430338 0.141265244175417 0.155597985665842 0.170669822009781 0.155416689402883
0.155367831925834 0.00584205109241898 0.143936577628496 0.155353106930848 0.166890453904208 0.155330448128607
0.157879852113744 0.00615541112176286 0.146055824322307 0.157783809445992 0.170252675428844 0.15759903107956
0.158038156965545 0.00491772421687114 0.148547180911345 0.157981962899943 0.167851401482818 0.157871233656518
0.156341754229991 0.00626082151817846 0.144219316349336 0.156277613928843 0.16883847146568 0.156158054991532
0.161806298908785 0.00654789626397013 0.149311856600417 0.161675802066212 0.175044553950055 0.161420898513457
0.163897936878778 0.00570908317318163 0.15289781536371 0.163820876378699 0.17533905667382 0.163671145319542
0.165586552849336 0.00605981801237862 0.153776114784154 0.165551391569326 0.177602331608855 0.165486358799896
0.180708731109679 0.00623239916897928 0.168745612673441 0.180607763653012 0.193251986020182 0.180411818017806
0.177448978994918 0.00640596681355827 0.1652777613125 0.177301180715613 0.190459808650947 0.177011673490369
0.177183609460697 0.00763506025792565 0.162629104583867 0.177022574525263 0.192658133591378 0.17671225433064
0.178913863963662 0.00444105585154839 0.170216120546227 0.178903413911462 0.187672260252211 0.178883134433495
0.178088598630833 0.00614662158818099 0.166117880610595 0.178051367861258 0.190273791388471 0.177981281029841
0.168231315845014 0.00711943937596823 0.154369736738379 0.168186553452374 0.182358995152343 0.168105401521108
0.18223154403413 0.00696722899488674 0.168919930005537 0.182097171633945 0.196308026224207 0.181834059119661
0.174522030671011 0.00817850895626001 0.158933469995612 0.174347282700965 0.191107513873028 0.17401122330117
0.186759262714253 0.00564628030544969 0.175944410519192 0.186663470425736 0.198119719742664 0.186472963315104
0.176749711313318 0.00661266300061046 0.164028083005478 0.176652396559142 0.190027785352769 0.176463940387195
0.185594138904212 0.00882990173167793 0.16893858953564 0.185344895655154 0.203674457429116 0.184862765345138
0.181503237834415 0.00674433979075833 0.168535170377074 0.18140086551842 0.195051902854393 0.181202546955282
0.189929463777586 0.00734438325478627 0.175949156414835 0.189772420513797 0.204800372548528 0.189462565118529
0.18503991462359 0.0101876076226708 0.165590133170231 0.184833270629859 0.205666067850899 0.184439367502526
0.182408406651097 0.00608388303503277 0.17066607156392 0.18233769786174 0.194553892296009 0.18219836991573
0.174007872579641 0.00577267247857428 0.162982784178148 0.173897081618512 0.185667367852122 0.173680472794032
0.168832819876778 0.00609084476876456 0.157077061306558 0.168754030982954 0.181038576373305 0.1686034254875
0.168582000354312 0.00615755019976993 0.156655522588418 0.168521464802375 0.180856801127242 0.168405801837275
0.169077834039903 0.00661596691304816 0.156402945074602 0.168963752001893 0.182403194248966 0.168742126105277
0.172977262420396 0.00534632837808073 0.162701165575348 0.17289572156936 0.183721365969387 0.172736913972987
0.166430171345914 0.00605616717867863 0.154539336876617 0.166427469575992 0.178345065055338 0.166428005286731
0.176226306759408 0.00777418170343498 0.161361372689673 0.176074473332711 0.191958527325514 0.175784971573993
0.168161057964094 0.0055216882409209 0.15747720847918 0.168103968232804 0.179173003090944 0.167993006731329
0.174246436373308 0.00724248976066571 0.160349863398168 0.174125938382967 0.188832105817093 0.17389420641117
0.172322163625384 0.00678561870567611 0.159331356940619 0.172197652598477 0.186024194857852 0.171957504993037
0.166327684067335 0.00560137456919271 0.155516141040384 0.166259573071833 0.17752814775829 0.166127422016778
0.170594554966231 0.00583120698331486 0.159271419496481 0.170549181096223 0.182175871516474 0.170461884907971
0.172192191009716 0.00705158498858035 0.158698058650544 0.172059318883131 0.186443918316462 0.171803406694546
0.169555257216209 0.00712755487923192 0.155726369087478 0.169489858987014 0.183761523934237 0.169367826769885
0.166340536074441 0.00608088912121244 0.154567794074277 0.166276341179378 0.178480113873091 0.166154979668466
0.162841896532577 0.00574452951243171 0.151690956026537 0.162791572306114 0.174285765423775 0.162698562048793
0.169426572410898 0.00700855207962232 0.155922957433591 0.169328919590413 0.183490253148763 0.169142203377414
0.162435578869531 0.00547010632679345 0.151800116223692 0.1623970594684 0.173296746304436 0.162325054817758
0.172829915453877 0.00748527909013265 0.15844550949714 0.172711373064352 0.187889827423386 0.172486087360304
0.164633744933466 0.0062301595734479 0.152578598274304 0.16456723301891 0.177071341493263 0.16444023795241
0.16715260331084 0.00607097650526723 0.15538984218311 0.167092705634998 0.179260513335039 0.166978812988641
0.172217518724369 0.00651569073665024 0.159698666016001 0.172115609530975 0.185315510281947 0.171917829383137
0.168383183663216 0.00576163720808611 0.157198761703896 0.168334590365229 0.179850720662571 0.168242544929893
0.171724219045921 0.00641701891364774 0.159335971217842 0.171640861529587 0.184586069190384 0.171482407348469
0.166246265871204 0.00599160537588616 0.154451402708694 0.166253260965689 0.178007741667597 0.166273570265685
0.161282698859633 0.00615296287532985 0.149171295542654 0.161290035952254 0.173356000884273 0.161312721182897
0.175008705641415 0.00645558255845824 0.162757499911222 0.174855514976726 0.188130559856946 0.174554542049626
0.175895754171276 0.00625475546803845 0.163937442279055 0.175780085852045 0.188513609418097 0.175552642350955
0.167354469817689 0.005581272324156 0.156420357012964 0.167343222287109 0.178361748160877 0.167326544417418
0.162094195262888 0.00518883787973378 0.151926033267144 0.162087315190799 0.172309155000573 0.162077724814929
0.172113762442641 0.00702544232552998 0.158610776374028 0.172006122796985 0.186236911236501 0.171798890575504
0.172258196870855 0.00705626858432008 0.15859457733825 0.172180460151289 0.186371527531757 0.172035862166562
0.167739592321193 0.00724382421553252 0.153769775974199 0.167643173620777 0.182268834159839 0.16746204635679
0.16676688876161 0.00799491771518536 0.151233235082609 0.166697244429025 0.182705043556413 0.166571849192625
0.170000790033229 0.00645997243489144 0.157503697485318 0.169928432453629 0.182917244199423 0.169791854082088
0.168633242767452 0.00641145259941696 0.156322980292551 0.168526864591515 0.181553380097793 0.168323778906382
0.165902269445641 0.00833917612168229 0.149788566321144 0.165804193694547 0.182589376157558 0.165622098298386
0.16788705023868 0.00656120787118799 0.155210053358628 0.167807607317608 0.181023071568179 0.167656979404515
0.170272800041652 0.00667077213526839 0.157339067791343 0.170209884035468 0.183569268954164 0.170090741259645
0.173016626708989 0.00557853238615102 0.162383753372488 0.172902278251486 0.184293792148861 0.172674208293883
0.169799150266945 0.00633973903187535 0.157746834852563 0.169654584075411 0.182676845639026 0.169371839955228
0.175807824775569 0.00653032710283135 0.16335426966846 0.17567103385331 0.189045119105182 0.17540405008696
0.17104064098362 0.00631377864782732 0.158875739806169 0.170953771504124 0.183704204515742 0.170787857644372
0.175378020768008 0.00656695615082499 0.1628294677336 0.175250118966401 0.188651435539922 0.175001388305422
0.165921612104585 0.00619848485327174 0.154053193538594 0.165811935194375 0.178420746776946 0.165599027833061
0.175122508526419 0.00712607303434608 0.161315886888558 0.175050241369678 0.189345315709818 0.174913123092321
0.174709440557136 0.00592762928792247 0.163342932391925 0.174611427280798 0.186629158779194 0.174417626360697
0.184013969602021 0.00720613958995638 0.17041635406654 0.18381419857249 0.198749004695802 0.183420988836786
0.168687112852067 0.0055077305791645 0.158136395907342 0.168589023051697 0.179794510884285 0.168398300631885
0.170124381987411 0.00580518850946372 0.158916753013151 0.170055928556688 0.181721107204695 0.169922186061576
0.180729239703219 0.00756827044973469 0.166306865662641 0.180568022586141 0.196068886218068 0.180254976285344
0.174997559017266 0.00669643013829819 0.162199574980815 0.174869804120699 0.188527413579171 0.174619864424534
0.166699748415029 0.00649601402691644 0.153957375888539 0.166690379764432 0.179504615655719 0.166679420883108
0.157097762558753 0.00603929858996047 0.145338353567286 0.157059608563502 0.169081000465343 0.156989665852435
0.175439295958353 0.00654232292872526 0.162914884502003 0.17531871294198 0.188649272995999 0.175083482487163
0.166787621780965 0.0059309198971244 0.15526289992357 0.166742926732116 0.178573326097514 0.166659496345327
0.178686071354435 0.00619626422917419 0.166757480136572 0.178597607065686 0.191119219542953 0.178424242761977
0.178557519334835 0.00360107229672223 0.171572230682229 0.178530000053914 0.185699019899774 0.178474803966022
0.171695348712888 0.00591270983933047 0.160317827194064 0.171608773739178 0.183564139316305 0.171439519139699
0.171980670011452 0.00660647320769214 0.159273524373666 0.171883176135881 0.185248422109108 0.17169454043967
0.173137672138305 0.00592310967551075 0.161778167972672 0.173040367329998 0.185050656542178 0.172848404299933
0.167721105018378 0.00557595778387606 0.156871414584528 0.167682220791498 0.178798118606773 0.167610296999598
0.173256674852409 0.00545621591217722 0.162677377480712 0.173208217194742 0.184112725038378 0.173113152785896
0.170264116931001 0.00650351759821736 0.157998870564643 0.170083029963116 0.183556538132681 0.169724850734486
0.175593815856997 0.00730364645219445 0.161483775207144 0.175504129786845 0.190212486219561 0.175331315805901
0.17653966279301 0.00787233102333306 0.161478815483303 0.176392456470542 0.192443084506761 0.176107580963492
0.170471888600394 0.00574874284002031 0.15947188610801 0.170366958758314 0.182067884351001 0.170160040168368
0.179488502989348 0.00686937442156188 0.166543388590373 0.179291661502561 0.193548806203735 0.178904133407868
0.176996530043267 0.00731802787711832 0.163068614769571 0.176832655069188 0.191861177208569 0.176514625210959
0.176652416674563 0.00730414641965674 0.162569202705734 0.176551192674452 0.191314713696753 0.176359496449009
0.17317200969526 0.00607429668137575 0.161465281411885 0.173088733015672 0.185359107093444 0.1729296248072
0.174002727887766 0.00832411236725349 0.158041920642777 0.173855314655504 0.190809611936609 0.173576286836088
0.175606732534974 0.00733743569251978 0.16149315730608 0.175492926091588 0.190372088201818 0.175276762718714
0.180343418085311 0.00813135315477562 0.164808333188941 0.180180461549394 0.196806293844733 0.179868853982584
0.178493905731217 0.00702862428236348 0.165022236813255 0.178368245857425 0.19268096574096 0.178127097543188
0.173150589620431 0.00666086194530916 0.16029872518457 0.173061275743405 0.186509157831216 0.172892007013224
0.179663290107829 0.00729253746237758 0.165701165642619 0.179526192789075 0.194409111756267 0.179264825440118
0.17451970972137 0.00777894975177959 0.159551428706634 0.174401191683502 0.190164438204083 0.174177200584597
0.177393031849508 0.0074109351459097 0.163136023634788 0.177279147231579 0.192297722058949 0.177061728554099
0.170462967614257 0.00767511141184375 0.155767115594413 0.170322149295157 0.185972512154394 0.170055011663652
0.180656805898347 0.00818880754541957 0.164938741586893 0.180517901334925 0.197171594417949 0.180254159854501
0.17661103892317 0.0067720155687166 0.163662041434235 0.176482057051934 0.190294442792862 0.176231843943906
0.179740065998132 0.00809039638688218 0.164189351158645 0.17961003016521 0.196035309853476 0.17936378521935
0.169472185746347 0.00729653232055125 0.155443969246957 0.169358829994891 0.184149358169645 0.169142630349993
0.17754807954003 0.00738912926359529 0.16341509372454 0.17740628357023 0.192487653019692 0.177133933226372
0.181611315608532 0.00777719956497874 0.166802492415582 0.181440213791419 0.197404344625363 0.181111086300142
0.169968502498522 0.00732956971383115 0.156013095099702 0.169808166610239 0.184841002810647 0.169498850927923
0.171428172485252 0.00679470621377262 0.158358426449578 0.171326344873232 0.185080428806696 0.171131747570812
0.182590338161571 0.0079067971161183 0.167525171909139 0.182418829848721 0.198642055023217 0.182090070441431
0.178689306049329 0.00746947717670668 0.164299118569762 0.178580894247467 0.193697118965515 0.178374941666374
0.171480511631124 0.00720109550374192 0.157697287725989 0.171345159215707 0.186035167849623 0.171086774854533
0.180087543310651 0.00704084158825105 0.166508691401297 0.17999266523016 0.19420944758957 0.179810586279584
0.177086539630874 0.00697526018780857 0.16363300512915 0.176992527092565 0.19107853140351 0.176813435873791
0.179806146808703 0.0081284553108706 0.164188535048101 0.179672722174324 0.196189535165559 0.179420053842917
0.179576431244814 0.00863261971021587 0.163199051715834 0.179363971941921 0.197171771858676 0.178957485508365
0.179772649019314 0.00769301792476421 0.164948177857571 0.179663068153772 0.19522353435112 0.179456101654051
0.165121189762131 0.00590504608301094 0.153533246385284 0.165114531331803 0.176749607352237 0.165107939484286
0.156954796385909 0.00772465124133765 0.14205814764604 0.156856471450907 0.172414481215677 0.156668007198048
0.168040064829501 0.00456471766769532 0.159220530249986 0.167991538235135 0.177134318773991 0.167895234815322
0.165342521521164 0.00729000856389117 0.151239828408396 0.165261498021931 0.179913410017286 0.165109620783826
0.167977008666317 0.00663086752149438 0.155162283546771 0.167900277273195 0.181229858784481 0.16775321355833
0.168639508468591 0.00592529265073743 0.157193940179635 0.16857183189134 0.180472154670531 0.168441411481152
0.165782897706842 0.00626334805028729 0.153598671830241 0.16573899790462 0.178218582066978 0.165657257566074
0.172656169191946 0.00653666958028676 0.160135957567057 0.172543498582611 0.185818622944249 0.172323427575403
0.170557590793567 0.00830064281706355 0.154706551655771 0.170391540423589 0.187364051801183 0.170075251310632
0.153464629248873 0.0058125394651979 0.142254716456822 0.153397082750753 0.165059254898885 0.153262602122286
0.170488668322236 0.00651747048618982 0.158057512222515 0.170357524892773 0.183671374002722 0.170103656026155
0.17060097849035 0.00754133074238044 0.156060054106557 0.170500856976355 0.185720108833766 0.170311719525253
0.168751802699369 0.00739437378545796 0.154479044917231 0.168659441660334 0.18355518870809 0.168484871373454
0.168679276240345 0.00649421111284918 0.156153284120235 0.168594115396468 0.181695581292466 0.168432084483985
0.167572918660355 0.00748443388533807 0.15321314628772 0.167449238175004 0.182644600657644 0.167214400703227
0.168165487183157 0.00643633974456242 0.155817594628235 0.168065054051344 0.181090547212013 0.167868105170114
0.170895501837916 0.012012934623141 0.148075021240969 0.170607473052546 0.195371547046243 0.170071643484318
0.162111534689497 0.00776599160838053 0.147051285719946 0.162045913678204 0.177555180771149 0.161922602140574
0.169680602359827 0.00701040877557909 0.15615399451514 0.16959221936604 0.18371171729646 0.169422057987032
0.170003192196924 0.00656279425836682 0.157300269295552 0.169934719246161 0.183101609589414 0.169804795985842
0.169030057393413 0.00902035944873566 0.151795601480691 0.168854559024622 0.18727162074764 0.168519963316469
0.172397009973191 0.00766788996460352 0.157739583105717 0.172249387960882 0.187900795870376 0.171966655662781
0.16530922259222 0.00857475509114781 0.148756654608622 0.165202318853187 0.182483413692389 0.165003330975849
0.172071521326578 0.00705319539951576 0.158483634964481 0.171974183408535 0.186217023562646 0.171787055314082
0.172036871894418 0.00669566940548908 0.159102312059434 0.171955240479295 0.185440536543007 0.171799178995785
0.168721476708928 0.00737510744225284 0.154427929370524 0.168649972742252 0.183420342981182 0.168515179000203
0.172297791755134 0.00563123535306012 0.161464514767327 0.172216381699153 0.183596929117808 0.172058485091254
0.173136129278953 0.00475291793645488 0.163983896921416 0.173074611412551 0.182638949217611 0.172951865874227
0.164416850090957 0.00779873889571741 0.149274470503261 0.164352204798253 0.179932855278467 0.164232149940637
0.168120945652048 0.00681805288946699 0.154934936531445 0.168042913140765 0.181759729296605 0.167896448252557
0.173709148705148 0.00721881084693008 0.159924442714569 0.173569887605632 0.188285597212762 0.173296640367884
0.172183253839554 0.00574178271367408 0.161147216142965 0.172098764942755 0.183701926286829 0.171933061419578
0.176219241768721 0.00662252065454564 0.163600923004547 0.176083109610754 0.189613226591579 0.17581375234446
0.1766511408599 0.00647871490985849 0.1643306705888 0.17650706541891 0.189790501172891 0.176223267293299
0.181660522395079 0.00749432918658574 0.167393436468848 0.181493314667385 0.19688394107524 0.181171253076483
0.174467065708853 0.00838354685110868 0.158512451069566 0.174287993833984 0.191441107479874 0.173937057008352
0.173284559449875 0.00734607460634223 0.15924407693413 0.17314536434829 0.188121827427494 0.172874927427921
0.17149984094542 0.00652396953598251 0.158900494897482 0.171419551190529 0.184559969206311 0.171266350790366
0.157297775947129 0.00680895969358721 0.144213322236739 0.157194414744037 0.170973111739303 0.156994916016861
0.171695800741686 0.00615507014647993 0.159946008656524 0.171581633081184 0.184092945846301 0.171352351284699
0.168906530077758 0.00700463566869967 0.15535707289421 0.168829439243077 0.182899943014236 0.168681940562091
0.15651980137204 0.00708406995883021 0.142861038553489 0.156428539344344 0.170706639193608 0.156253978187941
0.169293575525578 0.0070838272703423 0.15563755444371 0.169196945478003 0.183506133164939 0.1690143000588
0.168139655478078 0.00711458319630187 0.154427595600582 0.16804130754168 0.182418297053769 0.167855341485555
0.167077918238082 0.00613990454491888 0.155191365429529 0.16701521542202 0.179324979501602 0.166895240567107
0.169950986962478 0.0066096610030579 0.157187155323991 0.169868465158295 0.183189351630463 0.169711511540516
0.168634997564181 0.00659446039616074 0.155876105193553 0.168562491071055 0.181815369183904 0.168426792362465
0.170099547955741 0.00717251633203068 0.156372275136667 0.169966979512641 0.184586148494843 0.16971211363768
0.168534464530191 0.00503876320568767 0.158734915197131 0.168501756323973 0.178521197003343 0.168438649498702
0.170239366960974 0.00686170095934213 0.157115508874473 0.170111170048636 0.184098503909059 0.169865059181209
0.168006046524799 0.00713866522039183 0.154096219800873 0.167960923355234 0.182178872777065 0.167881193753658
0.167815455135168 0.0067605879760076 0.154740522514609 0.167739868000584 0.181328437954712 0.167598318316422
0.169887142663755 0.00684493102736878 0.15663982025107 0.169812677788179 0.183567477049661 0.169673931702839
0.165849511450403 0.00778785973287104 0.150699171507958 0.16579114246496 0.181341050393854 0.165687574875861
0.164857376354233 0.00757404089938984 0.150104088647068 0.164807451999752 0.179905820609384 0.16472034687699
0.166298369285824 0.0057738054127241 0.15509143127982 0.166248699556033 0.177791046181619 0.166156071976281
0.173357554154829 0.00724173295288374 0.159383965725181 0.173263667810982 0.187872859649966 0.173086348985437
0.168875155614702 0.00628319072684372 0.156703111128052 0.168811514764176 0.181415152046607 0.168692791130242
0.165842285856868 0.00670996903044333 0.152854023873075 0.165770073400456 0.179250580868923 0.165636145369263
0.170460142061923 0.00798430985355532 0.155138379609491 0.170329419038949 0.186535504571544 0.170081014505467
0.15021456441638 0.00999882096894348 0.131006408747588 0.150063407401518 0.170294755586428 0.149777955137115
0.14295290668878 0.00817206322115558 0.127157306015729 0.142866300219782 0.159245163482252 0.142702075284654
0.150660652368909 0.00767150082479872 0.135829701131859 0.150577520059802 0.165977973585452 0.150421788999161
0.160281181630078 0.007750660402244 0.145307269989436 0.160193665133012 0.175760388605709 0.160027629209802
0.172107735917674 0.00439746718181683 0.163613286687907 0.17205926382523 0.180875667422231 0.171962912880378
0.170657599785924 0.00657757629487882 0.15786249941623 0.170611371679924 0.183719252910801 0.170524824588326
0.170689236166125 0.00594983059305826 0.159188397012016 0.170622201813285 0.182570165258493 0.170492498634104
0.172044088084465 0.00654820184609617 0.15950515778602 0.171929138411545 0.185242222184189 0.171705024714224
0.171912980075066 0.00605549446837874 0.160229309067543 0.171836651879286 0.184038418159616 0.171689805645807
0.171991469887988 0.00607209303949391 0.16033952877534 0.171892821068423 0.18420649525318 0.171700327278437
0.170449584679874 0.0055351491030314 0.159730345703708 0.170394951692637 0.181481890711468 0.170289143079781
0.17185014123131 0.00651077027180567 0.159317860254987 0.1717560969694 0.184923799064953 0.171576583840975
0.165389835649465 0.00568255132647257 0.154297576436288 0.165364406538401 0.176630815887819 0.165318498638706
0.172481838827477 0.00639114916493781 0.160272376392497 0.172358958417397 0.185390669207779 0.172117593454206
0.171281618472958 0.00667059740748989 0.158442271661707 0.171186054661838 0.184671099485557 0.171001111373969
0.169621704510309 0.00587604668021526 0.158383973098853 0.169510807881324 0.181488559360571 0.169294937284451
0.166745969724113 0.00485490850552178 0.157265786555484 0.166727162419954 0.176333844768565 0.166691260442225
0.174445000315832 0.00566588958165909 0.163705558427006 0.174307399635586 0.185959546885312 0.17403361398352
0.170188270569717 0.00631608935597311 0.158006804806922 0.170105300245558 0.182845309256364 0.169944849054826
0.172392567427126 0.0067421371505745 0.159503015803452 0.172267242340182 0.185994433816964 0.172021212347895
0.171331540583643 0.00672448354526486 0.158558581063819 0.171174434030185 0.185000902042611 0.170867147448421
0.172108895680084 0.00583822177521502 0.16087922478262 0.172023091846666 0.183824558565249 0.171855958771223
0.172497143590389 0.00669624308250328 0.159640442477456 0.172388909434457 0.185967968727953 0.172179143820165
0.174601995647721 0.00662241103414169 0.161963444041403 0.174468830866887 0.187996064053595 0.174207494077028
0.172667795400271 0.0078786304415998 0.157669069298363 0.172497739941479 0.188639195939777 0.172166664050149
0.168736397132524 0.00702197243968043 0.15524787984192 0.168628595324882 0.182841835307078 0.168419246060403
0.170321787631812 0.00771458416694251 0.155547379602533 0.170184865332645 0.185877579749724 0.169922084571929
0.169840931003567 0.00636944824659048 0.157581035984671 0.169751231411071 0.182614193181726 0.169577211649585
0.171893827707819 0.00818476308274755 0.156346926158917 0.17170285937127 0.188527775217285 0.171333701798956
0.174906483887104 0.00759889202037138 0.160525550466898 0.174711058208864 0.190401321412535 0.174329986602634
0.165385387457942 0.00581897311487084 0.153980281383157 0.16537616310467 0.176848558608304 0.16536369293214
0.170878688079866 0.00526956922693195 0.160695423568467 0.170817487484823 0.181411899684149 0.170699899088894
0.164579604757467 0.00648231388577503 0.151940743838787 0.164545526298571 0.177424152364525 0.164484812770137
0.171740122496538 0.00631360954339277 0.159641379796774 0.171633503656974 0.184446543989666 0.171424460621285
0.171016503875097 0.00597094757745165 0.159477789084059 0.170951949161317 0.182927841084388 0.170825647805214
0.168970498363114 0.00613688685576839 0.157062122796354 0.168916596534281 0.181190865790566 0.168816853527643
0.180205881942354 0.00274552346244155 0.17487158068946 0.180188916306628 0.18563826702968 0.180154918131385
0.166294073499668 0.00752941610759787 0.151707293019644 0.16621749058454 0.181325541819388 0.166075530522547
0.175446229756471 0.00638565159960677 0.163219787568827 0.175333656416853 0.18831275729318 0.175112168334509
0.165788560761983 0.00680199222762824 0.152679763900568 0.165694775190922 0.179435803383987 0.165515951139764
0.173593914171788 0.00659352272822727 0.160972783101793 0.173475873531676 0.186894832048823 0.173246848199433
0.166051339202133 0.0058923180466499 0.154531496675696 0.166034461209476 0.177674891235559 0.166005672097775
0.169284384410995 0.00754018584189611 0.154759240007495 0.169179190487892 0.184417623899203 0.168978952338387
0.168150073805519 0.00642000049295289 0.155734148117218 0.168077246270246 0.180983992542561 0.167939607999608
0.173976625209932 0.00668749172564426 0.161190752617757 0.173849811997062 0.187485619116631 0.173604113685402
0.165883181914509 0.00617684752485873 0.15374001260061 0.165886740543214 0.178014734585557 0.165901066872331
0.166308302433101 0.00719518874332687 0.152568187206336 0.166164221119718 0.180872048955944 0.165887465916403
0.165993052164228 0.00727614211228866 0.151874960446309 0.165928040825209 0.180482397030024 0.1658071711087
0.172201955944287 0.00703201862123646 0.158817212888907 0.172044547545094 0.18648616601722 0.17173977597645
0.167668586749637 0.00648808162770946 0.155124448857982 0.167593582536107 0.180645489737728 0.167452199669082
0.169502195147235 0.00678032921494816 0.156297245970609 0.16946055457545 0.182953746074986 0.169385054712004
0.172196733348674 0.00637188209304825 0.159942620574385 0.172098595302964 0.185015083062354 0.171912064873635
0.169264534586093 0.00579647034830433 0.158010651259991 0.169217920344573 0.180782574776671 0.169128620875015
0.174924222640171 0.00731583435418893 0.160864077754259 0.174812792236334 0.18962548859109 0.174596955960434
0.171633213798666 0.0070995583105559 0.157924649320217 0.171544712581001 0.185854037795906 0.171378002703243
0.17140345543843 0.00630159879043866 0.159355637250676 0.171282558169353 0.184142263588015 0.171049330164795
0.171966824332227 0.00706752280775608 0.158319091126573 0.171879501048656 0.186121242980702 0.171713992906121
0.171833152837481 0.0068808320249615 0.158561626445026 0.171740313552336 0.185636621799406 0.171564483825172
0.163076336512736 0.00788192669404731 0.14793700323222 0.162947975976521 0.178953891665507 0.162707312417996
0.170369968374928 0.00774000397573702 0.15546754416052 0.170258145560108 0.185923400995659 0.170047469575007
0.168188902423914 0.00674790031864642 0.155196089307577 0.168090369007193 0.181742653915232 0.167902454457982
0.172487828925269 0.00687156700913554 0.159335234437971 0.172360284352402 0.186366376092891 0.172116555309107
0.1565413615517 0.0047136011654392 0.147298047213135 0.156539087235723 0.165797241505971 0.156537496152961
0.160491138776216 0.0053524938462832 0.150055438065165 0.160461239746629 0.17109738611729 0.160405816387269
0.177421989498503 0.0053521385728202 0.16718090758187 0.177327259231384 0.188201955363809 0.177138422365654
0.165045657704227 0.00702667698756234 0.151504963321549 0.164954860293155 0.179104216275648 0.164777957307365
0.17135510058851 0.00460876747424207 0.162492622216944 0.171291916097789 0.180577123786797 0.17116542575417
0.163151772442031 0.00724800226940772 0.149101389919326 0.163087261611363 0.177566174963331 0.162963812379477
0.168299652321949 0.00553402035883467 0.157652579954112 0.16822111531585 0.179396151843358 0.168066800205276
0.184143751955215 0.00736480918789964 0.17043075281904 0.183876764259734 0.199373388197225 0.183349462618138
0.187979794623123 0.00888159640352859 0.171521719000756 0.187628362869302 0.206435831716017 0.186940319269118
0.186870083520333 0.0101365062842145 0.168032256127412 0.186483733917886 0.207903188291849 0.18573490379956
0.183983433904871 0.00931940648518935 0.166454285069993 0.183701080228056 0.203124218131278 0.183158970007801
0.185250809318902 0.00854193307760706 0.169232209644072 0.184976636344013 0.202833292362682 0.18444308877111
0.175861213578209 0.00750019417648175 0.16161696933943 0.175681227104361 0.191126021544211 0.175334118702391
0.171253085411901 0.0083618317419186 0.155220338968535 0.171104299720236 0.1881433510757 0.170823866818074
0.177704681708611 0.00734361559019304 0.163717687846126 0.177545266931097 0.192607145579513 0.177236410086074
0.180618395914593 0.00856364860551889 0.164377294331309 0.180406376931406 0.198072164505494 0.179997467605197
0.180698293286999 0.00688513839811977 0.167548964238841 0.180562947253072 0.19461539550858 0.180298112074639
0.179105165161397 0.00869678369620025 0.16257480124346 0.178901394993818 0.196804396148527 0.178511686610034
0.180203579500372 0.00839759836917524 0.164170672550722 0.180032529151331 0.197214397174297 0.179703464919638
0.181478529344662 0.00970306430243093 0.163095291770473 0.181228010485184 0.201292508616331 0.180752254603871
0.180340308989534 0.00776976103843729 0.16561283724193 0.180145381695059 0.196182782069994 0.179769231674954
0.180131914414615 0.00810759739628865 0.164726252792989 0.17994226617777 0.19662365466986 0.179575598776229
0.172551854664477 0.00732714502321762 0.1585060137697 0.172423937561904 0.187334073093543 0.172178925759668
0.184923840921892 0.00968031758569294 0.166760931272509 0.184614389014178 0.204844141739741 0.184017032680167
0.17230329644224 0.00894874998700849 0.155240249556208 0.172112707164308 0.190460074055455 0.171748719631536
0.181302161535534 0.00817236111600625 0.165790125047502 0.181103543674892 0.197945030678378 0.180720110605763
0.178910077795353 0.00717535501399819 0.16519311568891 0.178769523094356 0.193423123673851 0.178496620654292
0.17822550266344 0.0088720567033222 0.161333103250403 0.178026150473047 0.196261174724585 0.177647129221093
0.179757077298185 0.00764957359275091 0.165234533625775 0.179571691259872 0.195333827290819 0.179214230771019
0.185437336778598 0.0104154648570239 0.166031434147557 0.185059812011575 0.206995951880006 0.184326378035404
0.188560295627799 0.0110466973671593 0.168111253038781 0.188115682689375 0.211535399047473 0.187249907632629
0.187631919409374 0.0101531333740824 0.168767892347247 0.187247154975107 0.208681864617328 0.186496635206543
0.187462941291523 0.0106279147424847 0.167718497769673 0.187056171733328 0.209516352715632 0.186266222957663
0.184102250605337 0.00864370973739267 0.167842525107068 0.183842008454991 0.201841500965229 0.183334609385311
0.182915955099553 0.00877037231379278 0.166402371219007 0.182655820071928 0.20091101455282 0.182153727822721
0.186176629928365 0.00726334379301349 0.172505772394421 0.185967032822296 0.201036451032463 0.185549667152856
0.186159883147308 0.00994938009957155 0.16758963457402 0.18581058183682 0.206720467254352 0.185130955442795
0.186336021686948 0.0132555931335966 0.161871329721424 0.185770207447825 0.214027561714278 0.184685178343049
0.182471154063757 0.00825330389614724 0.166994978358322 0.182207472716791 0.199437227912284 0.181689432986591
0.189062490049638 0.0113347176845288 0.16802700649213 0.188620959038948 0.212608807924021 0.18776479985438
0.189131032485167 0.0150723699670128 0.16154942345722 0.188407374992222 0.220853713028858 0.187023317011909
0.183067452765933 0.0106976082793821 0.163056157552954 0.182706082685084 0.205140586922469 0.182010570472823
0.176197816581427 0.00796122585107214 0.161046075635211 0.176019712165301 0.192369762511922 0.175676908148456
0.167261492501059 0.00821636517211203 0.151490799289859 0.167125589065711 0.183815281725657 0.166868509324128
0.179449392125623 0.00666118291086039 0.16673550760329 0.179313981128128 0.192940642994672 0.179050817419203
0.179808366070316 0.00788557597091612 0.164906608062818 0.179595159451623 0.195931050634369 0.179182449135628
0.182888342536292 0.00789294475336495 0.167966486307756 0.182678628170038 0.198998553690259 0.18226793253737
0.176475880904191 0.00699457867613609 0.163119237126171 0.17633336670239 0.190648441650191 0.176058965959367
0.181323215035905 0.00849166341802368 0.165248171912614 0.181101491452029 0.198654824318394 0.180672360508593
0.178577464985546 0.00676945363281478 0.16571140325394 0.178417712425513 0.192348435026513 0.178106840853893
0.180206007538858 0.00739928045870079 0.166167972647229 0.180025972280889 0.195267901117471 0.179674026532032
0.18023247411072 0.00828724311540796 0.164432828483141 0.180054803209388 0.19703971435099 0.179712175642284
0.180662021848151 0.00909263958101532 0.16348543895773 0.180411794373157 0.199262593362805 0.179929547112861
0.179343321078411 0.00905688823818003 0.162133764574716 0.179129805650901 0.197769983813438 0.178719783535965
0.181557998650685 0.00816940081882407 0.166189703927369 0.181315813514242 0.198308212471201 0.180842251345696
0.174501217847436 0.0115071025160863 0.152660960900521 0.174223183222395 0.197933661164703 0.173695727979336
0.182250491555006 0.0108390960106964 0.161842049272216 0.181928696365306 0.204495280313408 0.181313640773124
0.177020809277167 0.00975720377830094 0.158461640983741 0.176799120864859 0.196855685364285 0.176375764937445
0.180946009140929 0.00903865038687606 0.163840145861113 0.180708868247657 0.199402342975709 0.18025216475805
0.185699718923709 0.00906896231648788 0.168603947388401 0.185441038007195 0.204279455649504 0.18494069995786
0.17312149978117 0.0171625777520519 0.140943456576134 0.172562312583435 0.208528798880811 0.171523962205329
0.174585444672949 0.00792780301437717 0.159411142038924 0.174440804048433 0.190589468139999 0.174162145366621
0.183220178680712 0.00927920811876481 0.165719328082639 0.182955957525208 0.202230387395103 0.182445701709902
0.171850595807001 0.00826364544011521 0.155957341552088 0.17172454680318 0.188470214239705 0.17148459319427
0.18084743833954 0.00908577951500705 0.163711599041994 0.180589380136665 0.199457987206931 0.180090809321418
0.176575527720647 0.0115346302076408 0.154719015138536 0.176279660205813 0.200131746471143 0.175719752316798
0.180189809864876 0.0111272590566757 0.159283865258344 0.179842477933324 0.20308620296224 0.17918063922588
0.177195682619541 0.00778106944353734 0.162339945737126 0.177035248967177 0.192966139751885 0.176727801473037
0.177278668458365 0.00917981731162909 0.159958504390293 0.177016572761786 0.196099066849742 0.17651544248936
0.177396140193025 0.00860174771649551 0.161103476512862 0.177174432502286 0.19495564206938 0.176750090273514
0.184311872823059 0.00932169045999119 0.166891397365933 0.183990655745443 0.203562739510825 0.183367588496646
0.178860519945131 0.0129322681764584 0.15468738540622 0.178409508584951 0.205619066559611 0.177556688622962
0.176737599147545 0.00757191076047498 0.162345665443521 0.176562807265021 0.192122916598818 0.176221611148379
0.179808735312138 0.0117564531225371 0.157680063396782 0.179454649172982 0.203970809244355 0.17878317664177
0.180599445662051 0.00858079577358519 0.164474844279299 0.180334382003937 0.198226358258758 0.179820053570692
0.177991476309193 0.00807464377766718 0.162572724407131 0.177826510981322 0.194348289064729 0.177510990433307
0.182988396948961 0.00772583275831746 0.168247479889681 0.182827232152692 0.198651904649146 0.182517220356945
0.182577460933324 0.00811586559116242 0.166961264602558 0.182453107958564 0.198905138939355 0.182217365991043
0.179822573845241 0.00784528374400592 0.164728891434862 0.179702274414608 0.195603181037248 0.179474306302289
0.180384396389647 0.00848363992154138 0.16422924102861 0.180197760191647 0.197610535620322 0.179841115345034
0.178535947959406 0.00888988713728215 0.161613622863484 0.178335482601863 0.196607836839598 0.17795429282567
0.184342550525022 0.00928890819542368 0.166473617637605 0.184196687393005 0.203048172751997 0.183922466701794
0.178395539544822 0.00808407406900777 0.162923717659308 0.178245621869512 0.194733118523545 0.177959252270834
0.182503864602172 0.00954430999580616 0.164279107608555 0.182306907376277 0.201857058292215 0.181934433867857
0.185523440806421 0.00862899004480695 0.169076333166665 0.185336025201705 0.203044092904221 0.184978179746744
0.180734751818951 0.00840536648570488 0.164711974542919 0.180553153088903 0.197795954196308 0.180205837331711
0.179978287260501 0.00890835811692429 0.162923656165722 0.179810888500818 0.197994961317227 0.179494235866459
0.188584302291595 0.00850155856340593 0.17244452094732 0.188377784133986 0.205898740821567 0.187980324947331
0.185983831020128 0.00874164611165254 0.169290402774752 0.185806972676135 0.203690027880246 0.185468891511118
0.180200908412043 0.00770006033592631 0.165502153084824 0.180042621998512 0.19580146345034 0.179738225624644
0.182053982881571 0.00816689854468917 0.16651398860694 0.181871004703635 0.198647609279315 0.181519723333649
0.186629355159878 0.00910750423324988 0.169378462479735 0.186394468398596 0.205221795675661 0.185944511146556
0.181672791906287 0.00900012733408155 0.164519530435941 0.181477459201654 0.199948523510056 0.181106346881968
0.184245281357808 0.00848118505935196 0.168258703404814 0.184001185806872 0.201622417786571 0.18352750657103
0.183615469203788 0.00785196981795494 0.168779997125879 0.18340183162668 0.199671276600485 0.182986746709557
0.181572372553431 0.00891521739207582 0.164600941903425 0.181373887807798 0.199676389030818 0.180994072846673
0.184409107676403 0.00830089861569566 0.168595694171847 0.184226469944901 0.201264976282815 0.183874349832386
0.183552569395298 0.00944268388045605 0.165636092023385 0.183321685439465 0.202791530872316 0.182878310868265
0.17406090767496 0.00798532882383661 0.158831226179874 0.17389509357415 0.190237824498528 0.173574504909676
0.181811251321154 0.00846328503556852 0.165817036124612 0.18158486309077 0.199107206980727 0.181148638551312
0.1835704124418 0.00919481871509199 0.165950601134343 0.183406048254573 0.202126384007132 0.183091939877226
0.178503864575379 0.00757811292660639 0.164062075195216 0.178343921213091 0.193861430260439 0.178034539877924
0.176268944240278 0.00868972339967821 0.159681310533948 0.176093657147252 0.193864749427669 0.175757217575009
0.188089730412291 0.0103167980061222 0.16880492103361 0.187736089729317 0.209394117780747 0.187053350796899
0.185166480703478 0.00781485886010646 0.170373033670252 0.184965083355252 0.201112227222719 0.184573383039461
0.185500690385578 0.00611858729462652 0.173740371193456 0.18541174544473 0.197767851686366 0.185234917361724
0.184037945821697 0.00865777663744383 0.167675487036441 0.183804918842857 0.201731590133373 0.183353604247498
0.185327766391946 0.00914566109726128 0.16800865117162 0.185091802361345 0.203991015074093 0.18463707474104
0.182680347270618 0.00792100705143484 0.167537769734148 0.182527172218703 0.198697103563118 0.182230406133202
0.181814005152772 0.0098350174527167 0.163030277590874 0.18161545057571 0.201732089032572 0.181236592135191
0.183333557819182 0.00813631350848687 0.167842642651165 0.183155981252401 0.199839261621271 0.182812744759761
0.18050107438173 0.00764041550866896 0.165826662946003 0.180377146326637 0.195880115207309 0.180138281980213
0.185072421191424 0.00751244858725776 0.170792520417814 0.184896919461702 0.200346306146058 0.184555929376289
0.179270594240247 0.00804276165653394 0.163806607039569 0.179146393839218 0.195445572500682 0.178907884119574
0.183224419435473 0.00879655056444468 0.166585539402247 0.182990120830275 0.201198002711136 0.182538295708839
0.175496678726503 0.00808277866176878 0.160086641470632 0.175324015159339 0.191886635243921 0.17499232383461
0.1834345725435 0.0092548057029043 0.165798319483917 0.183235218904426 0.20221050797249 0.182852951504027
0.172457309223729 0.0103182416561711 0.152756350312014 0.172249567257881 0.193357387769816 0.171857214440804
0.178013669374812 0.0091854105152291 0.160413532299948 0.177850686289266 0.196551004842468 0.177539571612619
0.182941118274284 0.00972983112966467 0.16438623832584 0.182739160764213 0.202660011008852 0.182353178586419
0.171959863549173 0.0116580889231858 0.149762797320979 0.171699340885248 0.195657062819542 0.17121040457256
0.17298976041386 0.0117751610890615 0.150580172316353 0.172723033143431 0.19693383212735 0.172221849931088
0.185676087633315 0.00980216844135205 0.166941738571631 0.185484928940111 0.205499631481446 0.185119367455944
0.177532689066103 0.0101914515190214 0.158186367026731 0.177288703222079 0.198280229313269 0.176821743892231
0.182391786604627 0.00814912940908318 0.166798588339389 0.182241308962189 0.198842377199878 0.181950430373427
0.180496437030742 0.00855435179428351 0.164137021442926 0.180335665340164 0.197774182554531 0.180026434823339
0.175100640339563 0.0121649322765481 0.152065072294441 0.174786077574234 0.199955051184414 0.174194083822634
0.179000537620056 0.00982779380924626 0.160314264517259 0.178773828200978 0.198987734945645 0.178344378265009
0.183162628147388 0.00976593046419291 0.164601048087395 0.182935668873804 0.203017694595784 0.182500577607082
0.180356522619688 0.0104047732509604 0.16052285139981 0.180133744657672 0.201463917646356 0.179709655315383
0.175306006550071 0.00959427461895706 0.156996215182435 0.175109576085726 0.194736160619952 0.174734898536694
0.181599730554961 0.00939726898843364 0.163633047854748 0.181417324709394 0.200608221066648 0.181068894159395
0.183749793181458 0.00879858280443319 0.166942031357722 0.183575856362389 0.20155492439701 0.183241859651032
0.174624186639789 0.012156423888705 0.151612279276454 0.174307807988934 0.19946508369466 0.173711916983593
0.171811484839963 0.00897195011161975 0.154630925111107 0.171648371709481 0.189927881090499 0.171338675910774
0.174761133912739 0.00958132373668757 0.156579940115381 0.174527232199914 0.194277851227186 0.174080812503288
0.17905973729698 0.00911057569172397 0.161676213777734 0.178873047321114 0.197517214618643 0.178516527267983
0.178829417926181 0.00822345400379385 0.163141988542126 0.178659351669326 0.195485557392006 0.178333330430957
0.180438360493087 0.00830932310135118 0.164548571290562 0.18028054312171 0.197232147785073 0.179977176955334
0.182206500605136 0.00861065104632873 0.165748244347229 0.182042369326609 0.199597318300371 0.181724500949197
0.179817627894703 0.00968583329854691 0.161343865793906 0.179616974805095 0.199442916285614 0.179233440652746
0.18028649160874 0.0090851805026479 0.162913726848378 0.180115046505217 0.198639951502479 0.179785573482793
0.178416228765549 0.00946073515285639 0.160367499283643 0.178220103271078 0.197595568911383 0.17784807365071
0.165940724636907 0.0106702738338519 0.145659859939646 0.16569265577059 0.187659268257322 0.16522789956655
0.179078235144247 0.0101827006316457 0.159624715872129 0.178877051046068 0.199687994957248 0.17849499735823
0.185014294254884 0.010337466240225 0.165272962227578 0.18480567859925 0.205944286277759 0.184408130075371
0.187610488396458 0.0103210300890029 0.168061237021611 0.187340591214245 0.208703363143934 0.186825642677331
0.184521869966262 0.00810980507543357 0.169018433517563 0.184362181071475 0.200932651830873 0.184055625494828
0.188075574121274 0.008555025995873 0.171945834541707 0.187829063505119 0.205605959129538 0.187351982856267
0.187581994285104 0.00813234190476804 0.172155584013356 0.187379168432547 0.204162336497059 0.18698716664937
0.1871751792263 0.00892472519507791 0.170326843078261 0.18692494808563 0.205453319391998 0.186442560241732
0.190696871688169 0.00841704863418344 0.174704956416548 0.190497526783341 0.207826315107716 0.190112905300568
0.178573708768608 0.00694748616105456 0.165105285041627 0.178502333761775 0.192446342337951 0.178366595406402
0.179001092339142 0.0086234556544759 0.162386354851843 0.178874008503543 0.196345875120397 0.178634559888706
0.191687779772304 0.00883334024211882 0.175094065454907 0.191411236428732 0.209857331303412 0.190875219909871
0.188945486808324 0.00900296301418322 0.171994768745316 0.188677633151867 0.207417523507928 0.188159974936163
0.183456630924458 0.00842815345275637 0.167472523183263 0.183245951561153 0.200639703622884 0.18284086234924
0.18208908144069 0.00755762911767233 0.16779554827939 0.181888669062469 0.197528764344715 0.181498183580659
0.181734745348563 0.00831110987341963 0.165667431876565 0.181632566538425 0.198392045803919 0.181441640494219
0.186249575093499 0.00838336531594437 0.170293563986356 0.186058969719185 0.203294916545805 0.1856926350822
0.177339228872581 0.00711809215327513 0.16368710933076 0.177218150574762 0.191684854517084 0.176985439509271
0.17803714399593 0.00524384364054525 0.167947329610011 0.177963358150478 0.188544827262932 0.177817118219242
0.18306863019009 0.00648527479072968 0.170629042658225 0.182963988294938 0.196104655584742 0.182756986460406
0.178117674763046 0.00509022219316472 0.168255143223949 0.178070475306127 0.188249167246767 0.177977634476608
0.18516027709982 0.00725283036346668 0.171405628288102 0.18498271323682 0.199922715158072 0.184633908168156
0.177141824544483 0.00670464005876574 0.164282482615339 0.177026931383454 0.190654563957313 0.176802645642202
0.179060367055041 0.00418775442131911 0.17094585800818 0.179024941862662 0.18737917591622 0.178953798371693
0.181636843334421 0.00685369960938318 0.16854463355182 0.181504114790695 0.195483150358827 0.18124217421365
0.17480676258592 0.00729700842996251 0.160954840106089 0.174636313561046 0.18963353307132 0.174302849535448
0.177112936266778 0.00620842551258165 0.165170203605547 0.17702088738782 0.189577547285007 0.176840587855592
0.183048552381805 0.00734046161045144 0.169054025730759 0.182895221219336 0.197914055550433 0.182594316480601
0.17434066651666 0.00704062683527189 0.160735106357436 0.174257906319843 0.188418675229658 0.174100680859037
0.190790694575602 0.00609965926039653 0.179371687206496 0.190598697745912 0.203295851153334 0.190209385853286
0.171363444562148 0.00635114081337326 0.159092489010577 0.17128950116588 0.184056175220716 0.171145963396578
0.177987590661335 0.00674178687636674 0.165018704064692 0.177890015516669 0.191512039453449 0.177698823530579
0.176728107324443 0.00738772260194247 0.162492815348937 0.17662498410398 0.191553652130874 0.176426926958946
0.173302337181112 0.00652154772157862 0.160848282151677 0.173172841505183 0.186490537717152 0.172920844502454
0.179299921237052 0.00610086273976442 0.167541352423721 0.179220566632577 0.19150780454804 0.179064266738834
0.163721356909574 0.00676016925572816 0.150593494522948 0.163668396519644 0.177156860146675 0.163570876701943
0.164613760356215 0.00715242753658608 0.150739851438162 0.164553941263426 0.178829501360488 0.164440915063649
0.162008179256778 0.00824410216637142 0.145978779050391 0.161950840710292 0.178375547731711 0.161847344332546
0.162225724224793 0.00585411206665645 0.150849289082697 0.162185501238045 0.173838244203265 0.16210926476053
0.170522787949991 0.00657650191313382 0.157844952558386 0.170439370116355 0.183678246725648 0.170278580388823
0.159522229059407 0.00662578121656195 0.146580217052082 0.159498943446187 0.172602206759458 0.15945967625771
0.162643208353864 0.00680645505447166 0.149407070650786 0.16259748776379 0.176140010019555 0.162512753124778
0.164792761124254 0.00635048619505761 0.152349174926161 0.164781958903963 0.177305357530336 0.164767688221803
0.158929573315882 0.00912151692113953 0.141383288913879 0.158798803585987 0.177231131767925 0.158551380726964
0.172468024263709 0.00614150825179959 0.160696857890842 0.172362401906807 0.184843227084491 0.17215895087764
0.176991333164439 0.00560942996572237 0.166197328902206 0.176911706752673 0.188242769863144 0.176757043524198
0.169757837506349 0.00659889676071519 0.156978846100074 0.169691668044516 0.182919716174613 0.16956715271937
0.175693313479944 0.00800320898759278 0.160314452968283 0.175573443626634 0.191759275224876 0.175340253292152
0.18682601358811 0.00728112606962482 0.173098834091201 0.186622181329268 0.201706198500895 0.186216422020255
0.182715736333969 0.00591516819198771 0.17136968417513 0.182619798567562 0.194600884600648 0.182429211398624
0.189950348044722 0.00765282051231755 0.175591962130758 0.189712876872448 0.205652137753863 0.189240458890456
0.191129521657464 0.007860853247719 0.176547197060317 0.190825243133362 0.207431463262157 0.19022056157403
0.178658491114871 0.010106674050616 0.159659602038566 0.178346248140895 0.199443021853513 0.177748412665973
0.183569828120587 0.00728308852494278 0.169675357780172 0.183420797200811 0.198308594348041 0.183128557983157
0.18786417215925 0.00681536350562895 0.174974046474055 0.18768555357155 0.201768709593734 0.187332272269059
0.183065093437059 0.00765573287366333 0.168618881400833 0.182857508682454 0.198688401356652 0.182445954918502
0.17793882749632 0.00675002522059061 0.164964020731568 0.177836304024534 0.191500477121834 0.177635414867626
0.181150873062343 0.00568024290595347 0.170243437601297 0.181060200195318 0.192566398038442 0.180878441391353
0.185335454515664 0.00735984981874542 0.171328020233954 0.185172437670137 0.200262702330333 0.184850494832671
0.178657865202908 0.00680522973463356 0.165542094905224 0.178570662036192 0.192273867780988 0.178400074829181
0.173203977717739 0.00956088069666727 0.154891201434499 0.173029927725855 0.19251851716869 0.172699235806779
0.160102379136488 0.010272058887326 0.140332694523606 0.159964320763087 0.180665297980253 0.159701285937774
0.162657488017169 0.0115501203537676 0.140470232762582 0.162483656495338 0.185856898552105 0.162159756415107
0.157137760576521 0.0125533251486223 0.133233682287797 0.156872644213294 0.182574627912056 0.156373526226313
0.162221535787179 0.0107402903305931 0.141567435535292 0.162063827261924 0.183790793097129 0.161771068347179
0.156999783313352 0.012200731305697 0.133736598214746 0.156753666691325 0.181685786148095 0.156289965004004
0.172311872196959 0.0098176378418779 0.153429326921516 0.172165468670211 0.192040909096119 0.171890818456993
0.175625274977487 0.00915178122771238 0.157978126474597 0.175503539414167 0.193974734940078 0.175276644238056
0.169275626042091 0.0104476825046542 0.149183051595406 0.169122021942644 0.190254214479043 0.168836979022661
0.172149200176272 0.00870712419157033 0.155394553497967 0.172021360221711 0.189642357169051 0.171781318447397
0.175354596242262 0.00842996797332706 0.159180292379091 0.175213047393371 0.192339975047607 0.174944019548407
0.172976994262321 0.0091818383906452 0.155191929677236 0.172888064990564 0.191283218144606 0.172724437598123
0.173995471665035 0.0109175497820773 0.153212135242461 0.173752447239559 0.196182393967084 0.173296304524564
0.168766538888769 0.00948609573173328 0.150495777093576 0.168634025947021 0.187808611356757 0.168387740388066
0.175814966118395 0.00772452297831526 0.160976786590564 0.175690324281002 0.191366779519478 0.175453269881188
0.175521472470612 0.00955578690932553 0.157254585468932 0.175333416259252 0.194872523426957 0.17497972615335
0.178952885896845 0.00905581581917667 0.161517139404752 0.178819045770961 0.197162169424313 0.178568667865479
0.168817281461031 0.00787158321261686 0.15363302452367 0.168715648811369 0.184585599377775 0.168525007986507
0.174977197035488 0.00793783948335592 0.159584157397791 0.174902360223643 0.19080511820919 0.174764018484861
0.174772895008671 0.00883537846137987 0.157690248325671 0.174671843826253 0.192446251607796 0.174485092184032
0.175481930704316 0.0090028895906465 0.158232672696548 0.17531961282777 0.193662542546433 0.175013754481063
0.172573562528458 0.00937803096571205 0.154501239796056 0.172444117761751 0.191394558659706 0.172203764367158
0.179290358524773 0.00791194344689941 0.164136157115356 0.179147947084186 0.195262444207041 0.178876418379574
0.168777487614974 0.00939213854582009 0.150562824292022 0.168694057051498 0.187479117322445 0.16854295719932
0.163687018573235 0.0102048427832742 0.144007538860938 0.163553395912683 0.184144894537994 0.163308162920747
0.165450470125615 0.00967161559687135 0.146805198500429 0.165320363055016 0.184846601975367 0.165080592121322
0.16429808240747 0.0105124338123798 0.14401994630164 0.164164836701698 0.185353908448949 0.163921057648366
0.172285359081326 0.00970717075132132 0.153503049187748 0.172186073929837 0.191640279154932 0.17200254238598
0.170826386000809 0.00916139299285359 0.153093907402732 0.170730292431578 0.189118933908774 0.170553903552531
0.1702139662356 0.00958225294808913 0.151659535265505 0.170118593503601 0.189317279952355 0.169943418645134
0.167958573499106 0.010179161948243 0.148285605947013 0.167840886396517 0.18832161020339 0.167626782474907
0.167541156890794 0.00902518750853343 0.150089741037428 0.167439420059886 0.185579828824966 0.167252439446854
0.172054004128484 0.00947053319486406 0.153746615309306 0.171943243137498 0.190999871455988 0.171740311173271
0.167686658868062 0.00950424105611045 0.149390982435168 0.167549546403102 0.186781059176246 0.167295326210781
0.17122075763711 0.00927196799562768 0.153232005743867 0.171139761890336 0.189674721518387 0.170992924180019
0.164260772484565 0.0100632260981105 0.144822380778354 0.164144139875956 0.184371467381504 0.16392982731682
0.165599411795596 0.0108069145149645 0.144815895189149 0.16544595831546 0.187267397443141 0.165157541119176
0.160662758941926 0.00960219874789251 0.142144800709745 0.160541298362635 0.17988677734418 0.160315558996187
0.163519675846408 0.0112905953099809 0.141839278030563 0.163342568875532 0.186227721653884 0.163013572933195
0.159602840767914 0.0125306904938871 0.135694961649158 0.159353559151813 0.184954222443923 0.158887123649843
0.162865921369189 0.0112697423838045 0.141229532172606 0.162692220402522 0.185503942229029 0.162365688052256
0.167225531359377 0.00994662788859996 0.14799105992765 0.167120578635838 0.187070644712823 0.166926296907557
0.161964988078043 0.0107660647063457 0.141253412511954 0.161813053074443 0.183554016098591 0.161528637134472
0.16290832624142 0.0100786932755247 0.143447718809856 0.162792501830789 0.183041514256655 0.162576549146357
0.16211865751544 0.0134713050055969 0.136477224747337 0.16182519607776 0.189452244340631 0.161281907354138
0.177270252642638 0.00889144574742116 0.160311545467507 0.17708391313779 0.195300786559892 0.1767304342645
0.1712924135719 0.009577214133179 0.152857230273154 0.171152442240514 0.190536298893161 0.170892651801366
0.167093755106668 0.010699762772978 0.146448333768688 0.166958556288473 0.188536101074817 0.16671311044885
0.173954247483897 0.00748645719167457 0.159424448666167 0.173886529878258 0.18887860393919 0.173761618023963
0.173382253614431 0.00837827054950438 0.157254965208653 0.173258338309775 0.190227870364554 0.173025485372577
0.165095809299995 0.010845426822186 0.144226741179537 0.164934776617746 0.186896163996851 0.164640099360439
0.179287792455897 0.00865289781607843 0.162501264892879 0.179203968424042 0.196562000349355 0.179050661469216
0.177991194588501 0.00869004654978757 0.161270700453934 0.177858250885352 0.195477518909258 0.177608856984039
0.173531209032111 0.00879576463340673 0.156514469964472 0.173431391356173 0.191130976335517 0.173248124930888
0.176377717616816 0.00904279387872547 0.15902104925569 0.176225373609768 0.194608925847182 0.175939502370479
0.172189734628389 0.00825610257586323 0.156211209426323 0.172100548927068 0.188686470523281 0.171935139743484
0.176231664053401 0.00786315080861663 0.16099969605103 0.176148647869792 0.191939780365672 0.175994846496217
0.177367011558466 0.00866901329909789 0.160675120161372 0.177239275301435 0.194798083207801 0.176999851910736
0.169293696824738 0.00883875474095462 0.152285625472828 0.16915827660871 0.187083864688093 0.168905622043107
0.158719741980411 0.011516500135066 0.136623600948654 0.158527306577799 0.181933273548653 0.158176543454927
0.178154720944624 0.00743496061679197 0.163778690464011 0.178068033854011 0.193029491927606 0.177904242134339
0.178461499325242 0.00797844540353042 0.162950628635361 0.178396912265306 0.194348131211285 0.17827961877034
0.178349551064967 0.00702302793626581 0.164782778889311 0.178261997686852 0.192420242153241 0.178096745807552
0.180508979599746 0.00893310306094672 0.163413594645944 0.180338866820192 0.198582041668827 0.180017021406877
0.180631839873635 0.0078599195190278 0.165579214735661 0.180488028934785 0.196509795488947 0.180213672679498
0.17985833840615 0.00801456005078464 0.164337751914758 0.179771415317107 0.195874969837245 0.179609799495169
0.178255507079965 0.00826508088280464 0.162351912661026 0.178131268949766 0.19487639787364 0.177896956558965
0.175051687748976 0.00591761227282942 0.163563953348592 0.175002814098375 0.186819610350451 0.174909075892115
0.18276603064515 0.00842661244517436 0.166552054112573 0.182638177177809 0.199712308773813 0.182397120956515
0.177633348052531 0.00767951444592378 0.162861317958711 0.177515356507667 0.193077642368056 0.177291480364476
0.181118538063701 0.00790290583577561 0.166004990409185 0.180964889353653 0.197106675870517 0.180671527932396
0.178341426792815 0.0081772858655255 0.162745462835519 0.178168117620344 0.194926218303434 0.177836621006918
0.179824107123842 0.00785327284319884 0.164566344960686 0.17975637322162 0.195477646236476 0.179631747762919
0.179604428227738 0.0078324302812487 0.164570453752315 0.179472712816405 0.195396376840364 0.179222318921275
0.178445294983562 0.00940306125920844 0.160309666329049 0.178317630548939 0.197317252513378 0.178080165646666
0.179828149832715 0.0069068646502565 0.1665375644967 0.179726688825409 0.19370217485623 0.179532415128203
0.178779338392161 0.0104872343772192 0.158783547441264 0.178555465231268 0.200062253397626 0.178131837298643
0.174414146055825 0.0101785578204915 0.155016331249501 0.174194327192756 0.195067221508441 0.173776341269011
0.171994749966306 0.0100304435005366 0.152784935262195 0.171807959957104 0.192279657165271 0.171458017535499
0.176513336710742 0.00827031538504971 0.16061043050031 0.176385469293721 0.193154327898921 0.176143421804078
0.175449666450735 0.00940738996781041 0.157479762969778 0.175260169462685 0.194504004427531 0.174899764724585
0.177694337805661 0.00804613513256723 0.162259772955974 0.177557702123245 0.193907231982383 0.177295352421706
0.171417021692279 0.0112412210653668 0.149961759825906 0.171183507994942 0.194224191993972 0.170747297051467
